2.429242e+007	-6.642810e+006	2.429242e+007	-5.119311e+006	343814
2.452921e+007	-5.398414e+006	2.452922e+007	-4.149651e+006	345233
2.452859e+007	-5.401708e+006	2.452859e+007	-4.152218e+006	345234
2.452796e+007	-5.405002e+006	2.452796e+007	-4.154784e+006	345235
2.452733e+007	-5.408295e+006	2.452734e+007	-4.157351e+006	345236
2.452671e+007	-5.411588e+006	2.452671e+007	-4.159916e+006	345237
2.452608e+007	-5.414880e+006	2.452608e+007	-4.162482e+006	345238
2.452545e+007	-5.418172e+006	2.452546e+007	-4.165047e+006	345239
2.452483e+007	-5.421464e+006	2.452483e+007	-4.167612e+006	345240
2.452420e+007	-5.424754e+006	2.452421e+007	-4.170176e+006	345241
2.452358e+007	-5.428045e+006	2.452358e+007	-4.172741e+006	345242
2.452295e+007	-5.431336e+006	2.452295e+007	-4.175305e+006	345243
2.452232e+007	-5.434626e+006	2.452233e+007	-4.177868e+006	345244
2.452170e+007	-5.437916e+006	2.452170e+007	-4.180432e+006	345245
2.452107e+007	-5.441206e+006	2.452108e+007	-4.182996e+006	345246
2.452044e+007	-5.444497e+006	2.452045e+007	-4.185560e+006	345247
2.451982e+007	-5.447786e+006	2.451982e+007	-4.188123e+006	345248
2.451919e+007	-5.451076e+006	2.451920e+007	-4.190686e+006	345249
2.451857e+007	-5.454366e+006	2.451857e+007	-4.193250e+006	345250
2.451794e+007	-5.457656e+006	2.451795e+007	-4.195814e+006	345251
2.451731e+007	-5.460946e+006	2.451732e+007	-4.198377e+006	345252
2.451669e+007	-5.464235e+006	2.451669e+007	-4.200940e+006	345253
2.451606e+007	-5.467524e+006	2.451607e+007	-4.203503e+006	345254
2.451544e+007	-5.470813e+006	2.451544e+007	-4.206066e+006	345255
2.451481e+007	-5.474102e+006	2.451482e+007	-4.208629e+006	345256
2.451418e+007	-5.477390e+006	2.451419e+007	-4.211191e+006	345257
2.451356e+007	-5.480679e+006	2.451357e+007	-4.213754e+006	345258
2.451293e+007	-5.483968e+006	2.451294e+007	-4.216316e+006	345259
2.451231e+007	-5.487256e+006	2.451231e+007	-4.218879e+006	345260
2.451168e+007	-5.490544e+006	2.451169e+007	-4.221441e+006	345261
2.451106e+007	-5.493832e+006	2.451106e+007	-4.224003e+006	345262
2.451043e+007	-5.497120e+006	2.451044e+007	-4.226565e+006	345263
2.450981e+007	-5.500407e+006	2.450981e+007	-4.229126e+006	345264
2.450918e+007	-5.503695e+006	2.450919e+007	-4.231688e+006	345265
2.450856e+007	-5.506982e+006	2.450856e+007	-4.234249e+006	345266
2.450793e+007	-5.510269e+006	2.450793e+007	-4.236811e+006	345267
2.450730e+007	-5.513557e+006	2.450731e+007	-4.239373e+006	345268
2.450668e+007	-5.516844e+006	2.450668e+007	-4.241934e+006	345269
2.450605e+007	-5.520132e+006	2.450606e+007	-4.244496e+006	345270
2.450543e+007	-5.523419e+006	2.450543e+007	-4.247058e+006	345271
2.450480e+007	-5.526706e+006	2.450481e+007	-4.249619e+006	345272
2.450418e+007	-5.529993e+006	2.450418e+007	-4.252180e+006	345273
2.450355e+007	-5.533280e+006	2.450355e+007	-4.254742e+006	345274
2.450293e+007	-5.536567e+006	2.450293e+007	-4.257303e+006	345275
2.450230e+007	-5.539853e+006	2.450230e+007	-4.259864e+006	345276
2.450168e+007	-5.543139e+006	2.450168e+007	-4.262424e+006	345277
2.450105e+007	-5.546425e+006	2.450105e+007	-4.264985e+006	345278
2.450042e+007	-5.549711e+006	2.450043e+007	-4.267545e+006	345279
2.449980e+007	-5.552997e+006	2.449980e+007	-4.270105e+006	345280
2.449917e+007	-5.556283e+006	2.449918e+007	-4.272666e+006	345281
2.449855e+007	-5.559568e+006	2.449855e+007	-4.275226e+006	345282
2.449792e+007	-5.562853e+006	2.449793e+007	-4.277786e+006	345283
2.449730e+007	-5.566138e+006	2.449730e+007	-4.280345e+006	345284
2.449667e+007	-5.569423e+006	2.449668e+007	-4.282905e+006	345285
2.449605e+007	-5.572708e+006	2.449605e+007	-4.285465e+006	345286
2.449542e+007	-5.575993e+006	2.449543e+007	-4.288024e+006	345287
2.449480e+007	-5.579278e+006	2.449480e+007	-4.290584e+006	345288
2.449417e+007	-5.582562e+006	2.449418e+007	-4.293143e+006	345289
2.449355e+007	-5.585847e+006	2.449355e+007	-4.295703e+006	345290
2.449292e+007	-5.589132e+006	2.449293e+007	-4.298263e+006	345291
2.449230e+007	-5.592416e+006	2.449230e+007	-4.300822e+006	345292
2.449167e+007	-5.595701e+006	2.449168e+007	-4.303381e+006	345293
2.449105e+007	-5.598985e+006	2.449105e+007	-4.305940e+006	345294
2.449042e+007	-5.602269e+006	2.449043e+007	-4.308499e+006	345295
2.448980e+007	-5.605552e+006	2.448980e+007	-4.311058e+006	345296
2.448917e+007	-5.608836e+006	2.448918e+007	-4.313616e+006	345297
2.448855e+007	-5.612119e+006	2.448855e+007	-4.316174e+006	345298
2.448792e+007	-5.615402e+006	2.448793e+007	-4.318733e+006	345299
2.448730e+007	-5.618685e+006	2.448730e+007	-4.321291e+006	345300
2.448668e+007	-5.621968e+006	2.448668e+007	-4.323849e+006	345301
2.448605e+007	-5.625250e+006	2.448605e+007	-4.326407e+006	345302
2.448543e+007	-5.628533e+006	2.448543e+007	-4.328965e+006	345303
2.448480e+007	-5.631815e+006	2.448480e+007	-4.331522e+006	345304
2.448418e+007	-5.635097e+006	2.448418e+007	-4.334080e+006	345305
2.448355e+007	-5.638379e+006	2.448355e+007	-4.336637e+006	345306
2.448293e+007	-5.641661e+006	2.448293e+007	-4.339194e+006	345307
2.448230e+007	-5.644943e+006	2.448231e+007	-4.341752e+006	345308
2.448168e+007	-5.648225e+006	2.448168e+007	-4.344309e+006	345309
2.448105e+007	-5.651507e+006	2.448106e+007	-4.346866e+006	345310
2.448043e+007	-5.654788e+006	2.448043e+007	-4.349423e+006	345311
2.447981e+007	-5.658070e+006	2.447981e+007	-4.351980e+006	345312
2.447918e+007	-5.661351e+006	2.447918e+007	-4.354537e+006	345313
2.447856e+007	-5.664633e+006	2.447856e+007	-4.357094e+006	345314
2.447793e+007	-5.667914e+006	2.447793e+007	-4.359651e+006	345315
2.447731e+007	-5.671195e+006	2.447731e+007	-4.362208e+006	345316
2.447668e+007	-5.674476e+006	2.447669e+007	-4.364765e+006	345317
2.447606e+007	-5.677758e+006	2.447606e+007	-4.367322e+006	345318
2.447543e+007	-5.681038e+006	2.447544e+007	-4.369878e+006	345319
2.447481e+007	-5.684319e+006	2.447481e+007	-4.372434e+006	345320
2.447418e+007	-5.687599e+006	2.447419e+007	-4.374990e+006	345321
2.447356e+007	-5.690879e+006	2.447356e+007	-4.377546e+006	345322
2.447294e+007	-5.694159e+006	2.447294e+007	-4.380102e+006	345323
2.447231e+007	-5.697439e+006	2.447232e+007	-4.382658e+006	345324
2.447169e+007	-5.700718e+006	2.447169e+007	-4.385213e+006	345325
2.447107e+007	-5.703998e+006	2.447107e+007	-4.387769e+006	345326
2.447044e+007	-5.707277e+006	2.447044e+007	-4.390324e+006	345327
2.446982e+007	-5.710556e+006	2.446982e+007	-4.392879e+006	345328
2.446919e+007	-5.713836e+006	2.446920e+007	-4.395434e+006	345329
2.446857e+007	-5.717115e+006	2.446857e+007	-4.397990e+006	345330
2.446795e+007	-5.720394e+006	2.446795e+007	-4.400545e+006	345331
2.446732e+007	-5.723673e+006	2.446732e+007	-4.403100e+006	345332
2.446670e+007	-5.726952e+006	2.446670e+007	-4.405655e+006	345333
2.446607e+007	-5.730231e+006	2.446608e+007	-4.408210e+006	345334
2.446545e+007	-5.733510e+006	2.446545e+007	-4.410765e+006	345335
2.446483e+007	-5.736787e+006	2.446483e+007	-4.413319e+006	345336
2.446420e+007	-5.740065e+006	2.446420e+007	-4.415873e+006	345337
2.446358e+007	-5.743343e+006	2.446358e+007	-4.418427e+006	345338
2.446296e+007	-5.746621e+006	2.446296e+007	-4.420981e+006	345339
2.446233e+007	-5.749898e+006	2.446233e+007	-4.423535e+006	345340
2.446171e+007	-5.753176e+006	2.446171e+007	-4.426089e+006	345341
2.446108e+007	-5.756453e+006	2.446109e+007	-4.428643e+006	345342
2.446046e+007	-5.759730e+006	2.446046e+007	-4.431197e+006	345343
2.445984e+007	-5.763008e+006	2.445984e+007	-4.433750e+006	345344
2.445921e+007	-5.766285e+006	2.445922e+007	-4.436304e+006	345345
2.445859e+007	-5.769562e+006	2.445859e+007	-4.438857e+006	345346
2.445797e+007	-5.772838e+006	2.445797e+007	-4.441411e+006	345347
2.445734e+007	-5.776115e+006	2.445734e+007	-4.443964e+006	345348
2.445672e+007	-5.779392e+006	2.445672e+007	-4.446517e+006	345349
2.445609e+007	-5.782668e+006	2.445610e+007	-4.449070e+006	345350
2.445547e+007	-5.785945e+006	2.445547e+007	-4.451623e+006	345351
2.445485e+007	-5.789221e+006	2.445485e+007	-4.454176e+006	345352
2.445422e+007	-5.792497e+006	2.445423e+007	-4.456729e+006	345353
2.445360e+007	-5.795772e+006	2.445360e+007	-4.459281e+006	345354
2.445298e+007	-5.799048e+006	2.445298e+007	-4.461834e+006	345355
2.445236e+007	-5.802323e+006	2.445236e+007	-4.464386e+006	345356
2.445173e+007	-5.805599e+006	2.445173e+007	-4.466938e+006	345357
2.445111e+007	-5.808874e+006	2.445111e+007	-4.469490e+006	345358
2.445049e+007	-5.812149e+006	2.445049e+007	-4.472042e+006	345359
2.444986e+007	-5.815424e+006	2.444986e+007	-4.474594e+006	345360
2.444924e+007	-5.818698e+006	2.444924e+007	-4.477146e+006	345361
2.444862e+007	-5.821973e+006	2.444862e+007	-4.479697e+006	345362
2.444799e+007	-5.825247e+006	2.444800e+007	-4.482249e+006	345363
2.444737e+007	-5.828522e+006	2.444737e+007	-4.484800e+006	345364
2.444675e+007	-5.831796e+006	2.444675e+007	-4.487352e+006	345365
2.444612e+007	-5.835071e+006	2.444613e+007	-4.489903e+006	345366
2.444550e+007	-5.838345e+006	2.444550e+007	-4.492455e+006	345367
2.444488e+007	-5.841619e+006	2.444488e+007	-4.495006e+006	345368
2.444425e+007	-5.844893e+006	2.444426e+007	-4.497557e+006	345369
2.444363e+007	-5.848166e+006	2.444363e+007	-4.500108e+006	345370
2.444301e+007	-5.851440e+006	2.444301e+007	-4.502659e+006	345371
2.444239e+007	-5.854714e+006	2.444239e+007	-4.505210e+006	345372
2.444176e+007	-5.857987e+006	2.444176e+007	-4.507760e+006	345373
2.444114e+007	-5.861260e+006	2.444114e+007	-4.510310e+006	345374
2.444052e+007	-5.864533e+006	2.444052e+007	-4.512861e+006	345375
2.443990e+007	-5.867805e+006	2.443990e+007	-4.515411e+006	345376
2.443927e+007	-5.871078e+006	2.443927e+007	-4.517961e+006	345377
2.443865e+007	-5.874350e+006	2.443865e+007	-4.520511e+006	345378
2.443803e+007	-5.877622e+006	2.443803e+007	-4.523060e+006	345379
2.443740e+007	-5.880894e+006	2.443741e+007	-4.525610e+006	345380
2.443678e+007	-5.884166e+006	2.443678e+007	-4.528160e+006	345381
2.443616e+007	-5.887438e+006	2.443616e+007	-4.530709e+006	345382
2.443554e+007	-5.890710e+006	2.443554e+007	-4.533259e+006	345383
2.443491e+007	-5.893982e+006	2.443492e+007	-4.535808e+006	345384
2.443429e+007	-5.897254e+006	2.443429e+007	-4.538358e+006	345385
2.443367e+007	-5.900525e+006	2.443367e+007	-4.540907e+006	345386
2.443305e+007	-5.903797e+006	2.443305e+007	-4.543456e+006	345387
2.443242e+007	-5.907068e+006	2.443242e+007	-4.546005e+006	345388
2.443180e+007	-5.910339e+006	2.443180e+007	-4.548554e+006	345389
2.443118e+007	-5.913610e+006	2.443118e+007	-4.551103e+006	345390
2.443056e+007	-5.916881e+006	2.443056e+007	-4.553652e+006	345391
2.442993e+007	-5.920152e+006	2.442993e+007	-4.556201e+006	345392
2.442931e+007	-5.923423e+006	2.442931e+007	-4.558750e+006	345393
2.442869e+007	-5.926693e+006	2.442869e+007	-4.561298e+006	345394
2.442807e+007	-5.929963e+006	2.442807e+007	-4.563845e+006	345395
2.442744e+007	-5.933232e+006	2.442745e+007	-4.566393e+006	345396
2.442682e+007	-5.936502e+006	2.442682e+007	-4.568941e+006	345397
2.442620e+007	-5.939772e+006	2.442620e+007	-4.571489e+006	345398
2.442558e+007	-5.943041e+006	2.442558e+007	-4.574036e+006	345399
2.442496e+007	-5.946311e+006	2.442496e+007	-4.576584e+006	345400
2.442433e+007	-5.949580e+006	2.442433e+007	-4.579132e+006	345401
2.442371e+007	-5.952850e+006	2.442371e+007	-4.581679e+006	345402
2.442309e+007	-5.956119e+006	2.442309e+007	-4.584227e+006	345403
2.442247e+007	-5.959388e+006	2.442247e+007	-4.586774e+006	345404
2.442185e+007	-5.962656e+006	2.442185e+007	-4.589321e+006	345405
2.442122e+007	-5.965925e+006	2.442122e+007	-4.591868e+006	345406
2.442060e+007	-5.969194e+006	2.442060e+007	-4.594415e+006	345407
2.441998e+007	-5.972462e+006	2.441998e+007	-4.596962e+006	345408
2.441936e+007	-5.975730e+006	2.441936e+007	-4.599508e+006	345409
2.441874e+007	-5.978999e+006	2.441874e+007	-4.602055e+006	345410
2.441811e+007	-5.982267e+006	2.441811e+007	-4.604602e+006	345411
2.441749e+007	-5.985534e+006	2.441749e+007	-4.607148e+006	345412
2.441687e+007	-5.988801e+006	2.441687e+007	-4.609694e+006	345413
2.441625e+007	-5.992069e+006	2.441625e+007	-4.612240e+006	345414
2.441563e+007	-5.995336e+006	2.441563e+007	-4.614786e+006	345415
2.441501e+007	-5.998604e+006	2.441501e+007	-4.617332e+006	345416
2.441438e+007	-6.001871e+006	2.441438e+007	-4.619877e+006	345417
2.441376e+007	-6.005137e+006	2.441376e+007	-4.622423e+006	345418
2.441314e+007	-6.008404e+006	2.441314e+007	-4.624969e+006	345419
2.441252e+007	-6.011672e+006	2.441252e+007	-4.627515e+006	345420
2.441190e+007	-6.014939e+006	2.441190e+007	-4.630061e+006	345421
2.441127e+007	-6.018206e+006	2.441128e+007	-4.632606e+006	345422
2.441065e+007	-6.021472e+006	2.441065e+007	-4.635151e+006	345423
2.441003e+007	-6.024739e+006	2.441003e+007	-4.637697e+006	345424
2.440941e+007	-6.028006e+006	2.440941e+007	-4.640242e+006	345425
2.440879e+007	-6.031272e+006	2.440879e+007	-4.642788e+006	345426
2.440817e+007	-6.034538e+006	2.440817e+007	-4.645333e+006	345427
2.440754e+007	-6.037804e+006	2.440755e+007	-4.647877e+006	345428
2.440692e+007	-6.041069e+006	2.440692e+007	-4.650422e+006	345429
2.440630e+007	-6.044334e+006	2.440630e+007	-4.652966e+006	345430
2.440568e+007	-6.047598e+006	2.440568e+007	-4.655509e+006	345431
2.440506e+007	-6.050863e+006	2.440506e+007	-4.658053e+006	345432
2.440444e+007	-6.054128e+006	2.440444e+007	-4.660598e+006	345433
2.440382e+007	-6.057393e+006	2.440382e+007	-4.663142e+006	345434
2.440320e+007	-6.060658e+006	2.440320e+007	-4.665686e+006	345435
2.440258e+007	-6.063923e+006	2.440257e+007	-4.668230e+006	345436
2.440195e+007	-6.067188e+006	2.440195e+007	-4.670774e+006	345437
2.440133e+007	-6.070452e+006	2.440133e+007	-4.673318e+006	345438
2.440071e+007	-6.073717e+006	2.440071e+007	-4.675862e+006	345439
2.440009e+007	-6.076981e+006	2.440009e+007	-4.678405e+006	345440
2.439947e+007	-6.080246e+006	2.439947e+007	-4.680949e+006	345441
2.439885e+007	-6.083510e+006	2.439885e+007	-4.683492e+006	345442
2.439823e+007	-6.086773e+006	2.439823e+007	-4.686036e+006	345443
2.439761e+007	-6.090037e+006	2.439761e+007	-4.688578e+006	345444
2.439698e+007	-6.093299e+006	2.439699e+007	-4.691121e+006	345445
2.439636e+007	-6.096562e+006	2.439637e+007	-4.693663e+006	345446
2.439574e+007	-6.099825e+006	2.439574e+007	-4.696205e+006	345447
2.439512e+007	-6.103087e+006	2.439512e+007	-4.698748e+006	345448
2.439450e+007	-6.106350e+006	2.439450e+007	-4.701290e+006	345449
2.439388e+007	-6.109613e+006	2.439388e+007	-4.703833e+006	345450
2.439326e+007	-6.112876e+006	2.439326e+007	-4.706375e+006	345451
2.439264e+007	-6.116139e+006	2.439264e+007	-4.708918e+006	345452
2.439202e+007	-6.119401e+006	2.439202e+007	-4.711460e+006	345453
2.439140e+007	-6.122664e+006	2.439140e+007	-4.714002e+006	345454
2.439078e+007	-6.125926e+006	2.439078e+007	-4.716544e+006	345455
2.439015e+007	-6.129188e+006	2.439016e+007	-4.719086e+006	345456
2.438953e+007	-6.132450e+006	2.438953e+007	-4.721628e+006	345457
2.438891e+007	-6.135712e+006	2.438891e+007	-4.724169e+006	345458
2.438829e+007	-6.138974e+006	2.438829e+007	-4.726711e+006	345459
2.438767e+007	-6.142235e+006	2.438767e+007	-4.729253e+006	345460
2.438705e+007	-6.145497e+006	2.438705e+007	-4.731794e+006	345461
2.438643e+007	-6.148757e+006	2.438643e+007	-4.734335e+006	345462
2.438581e+007	-6.152018e+006	2.438581e+007	-4.736876e+006	345463
2.438519e+007	-6.155279e+006	2.438519e+007	-4.739416e+006	345464
2.438457e+007	-6.158540e+006	2.438457e+007	-4.741957e+006	345465
2.438395e+007	-6.161800e+006	2.438395e+007	-4.744498e+006	345466
2.438333e+007	-6.165060e+006	2.438333e+007	-4.747038e+006	345467
2.438271e+007	-6.168321e+006	2.438271e+007	-4.749579e+006	345468
2.438209e+007	-6.171581e+006	2.438209e+007	-4.752120e+006	345469
2.438147e+007	-6.174841e+006	2.438147e+007	-4.754660e+006	345470
2.438085e+007	-6.178100e+006	2.438085e+007	-4.757199e+006	345471
2.438023e+007	-6.181360e+006	2.438023e+007	-4.759739e+006	345472
2.437961e+007	-6.184619e+006	2.437961e+007	-4.762279e+006	345473
2.437899e+007	-6.187879e+006	2.437899e+007	-4.764819e+006	345474
2.437837e+007	-6.191138e+006	2.437837e+007	-4.767359e+006	345475
2.437775e+007	-6.194398e+006	2.437775e+007	-4.769899e+006	345476
2.437713e+007	-6.197657e+006	2.437713e+007	-4.772438e+006	345477
2.437651e+007	-6.200916e+006	2.437651e+007	-4.774978e+006	345478
2.437589e+007	-6.204175e+006	2.437589e+007	-4.777517e+006	345479
2.437527e+007	-6.207433e+006	2.437527e+007	-4.780056e+006	345480
2.437465e+007	-6.210692e+006	2.437465e+007	-4.782595e+006	345481
2.437403e+007	-6.213950e+006	2.437403e+007	-4.785134e+006	345482
2.437341e+007	-6.217208e+006	2.437341e+007	-4.787673e+006	345483
2.437279e+007	-6.220466e+006	2.437279e+007	-4.790211e+006	345484
2.437217e+007	-6.223723e+006	2.437217e+007	-4.792750e+006	345485
2.437155e+007	-6.226981e+006	2.437155e+007	-4.795288e+006	345486
2.437093e+007	-6.230239e+006	2.437093e+007	-4.797827e+006	345487
2.437031e+007	-6.233496e+006	2.437031e+007	-4.800365e+006	345488
2.436969e+007	-6.236753e+006	2.436969e+007	-4.802903e+006	345489
2.436907e+007	-6.240010e+006	2.436907e+007	-4.805441e+006	345490
2.436845e+007	-6.243267e+006	2.436845e+007	-4.807979e+006	345491
2.436783e+007	-6.246525e+006	2.436783e+007	-4.810517e+006	345492
2.436721e+007	-6.249782e+006	2.436721e+007	-4.813055e+006	345493
2.436659e+007	-6.253038e+006	2.436659e+007	-4.815593e+006	345494
2.436597e+007	-6.256295e+006	2.436597e+007	-4.818130e+006	345495
2.436535e+007	-6.259552e+006	2.436535e+007	-4.820668e+006	345496
2.436473e+007	-6.262808e+006	2.436473e+007	-4.823206e+006	345497
2.436411e+007	-6.266064e+006	2.436411e+007	-4.825743e+006	345498
2.436349e+007	-6.269320e+006	2.436349e+007	-4.828279e+006	345499
2.436287e+007	-6.272575e+006	2.436287e+007	-4.830816e+006	345500
2.436225e+007	-6.275831e+006	2.436225e+007	-4.833353e+006	345501
2.436163e+007	-6.279086e+006	2.436163e+007	-4.835890e+006	345502
2.436101e+007	-6.282342e+006	2.436101e+007	-4.838427e+006	345503
2.436039e+007	-6.285597e+006	2.436039e+007	-4.840963e+006	345504
2.435977e+007	-6.288852e+006	2.435977e+007	-4.843500e+006	345505
2.435915e+007	-6.292107e+006	2.435915e+007	-4.846036e+006	345506
2.435853e+007	-6.295362e+006	2.435853e+007	-4.848572e+006	345507
2.435791e+007	-6.298616e+006	2.435791e+007	-4.851108e+006	345508
2.435729e+007	-6.301871e+006	2.435730e+007	-4.853644e+006	345509
2.435667e+007	-6.305125e+006	2.435668e+007	-4.856179e+006	345510
2.435606e+007	-6.308378e+006	2.435606e+007	-4.858715e+006	345511
2.435544e+007	-6.311632e+006	2.435544e+007	-4.861250e+006	345512
2.435482e+007	-6.314886e+006	2.435482e+007	-4.863786e+006	345513
2.435420e+007	-6.318141e+006	2.435420e+007	-4.866322e+006	345514
2.435358e+007	-6.321395e+006	2.435358e+007	-4.868858e+006	345515
2.435296e+007	-6.324649e+006	2.435296e+007	-4.871393e+006	345516
2.435234e+007	-6.327902e+006	2.435234e+007	-4.873928e+006	345517
2.435172e+007	-6.331155e+006	2.435172e+007	-4.876463e+006	345518
2.435110e+007	-6.334408e+006	2.435110e+007	-4.878998e+006	345519
2.435049e+007	-6.337661e+006	2.435048e+007	-4.881533e+006	345520
2.434986e+007	-6.340914e+006	2.434987e+007	-4.884067e+006	345521
2.434924e+007	-6.344167e+006	2.434925e+007	-4.886602e+006	345522
2.434863e+007	-6.347419e+006	2.434863e+007	-4.889136e+006	345523
2.434801e+007	-6.350671e+006	2.434801e+007	-4.891670e+006	345524
2.434739e+007	-6.353923e+006	2.434739e+007	-4.894204e+006	345525
2.434677e+007	-6.357175e+006	2.434677e+007	-4.896738e+006	345526
2.434615e+007	-6.360427e+006	2.434615e+007	-4.899272e+006	345527
2.434553e+007	-6.363680e+006	2.434553e+007	-4.901807e+006	345528
2.434491e+007	-6.366932e+006	2.434491e+007	-4.904341e+006	345529
2.434429e+007	-6.370184e+006	2.434430e+007	-4.906875e+006	345530
2.434368e+007	-6.373436e+006	2.434368e+007	-4.909409e+006	345531
2.434306e+007	-6.376687e+006	2.434306e+007	-4.911943e+006	345532
2.434244e+007	-6.379938e+006	2.434244e+007	-4.914476e+006	345533
2.434182e+007	-6.383189e+006	2.434182e+007	-4.917009e+006	345534
2.434120e+007	-6.386440e+006	2.434120e+007	-4.919542e+006	345535
2.434058e+007	-6.389691e+006	2.434058e+007	-4.922075e+006	345536
2.433996e+007	-6.392942e+006	2.433997e+007	-4.924608e+006	345537
2.433935e+007	-6.396192e+006	2.433935e+007	-4.927141e+006	345538
2.433873e+007	-6.399442e+006	2.433873e+007	-4.929673e+006	345539
2.433811e+007	-6.402692e+006	2.433811e+007	-4.932206e+006	345540
2.433749e+007	-6.405941e+006	2.433749e+007	-4.934738e+006	345541
2.433687e+007	-6.409191e+006	2.433687e+007	-4.937270e+006	345542
2.433625e+007	-6.412441e+006	2.433625e+007	-4.939803e+006	345543
2.433563e+007	-6.415691e+006	2.433564e+007	-4.942335e+006	345544
2.433502e+007	-6.418941e+006	2.433502e+007	-4.944868e+006	345545
2.433440e+007	-6.422191e+006	2.433440e+007	-4.947400e+006	345546
2.433378e+007	-6.425440e+006	2.433378e+007	-4.949932e+006	345547
2.433316e+007	-6.428689e+006	2.433316e+007	-4.952464e+006	345548
2.433254e+007	-6.431939e+006	2.433254e+007	-4.954995e+006	345549
2.433192e+007	-6.435188e+006	2.433193e+007	-4.957527e+006	345550
2.433131e+007	-6.438436e+006	2.433131e+007	-4.960059e+006	345551
2.433069e+007	-6.441685e+006	2.433069e+007	-4.962590e+006	345552
2.433007e+007	-6.444933e+006	2.433007e+007	-4.965121e+006	345553
2.432945e+007	-6.448181e+006	2.432945e+007	-4.967652e+006	345554
2.432883e+007	-6.451429e+006	2.432884e+007	-4.970183e+006	345555
2.432822e+007	-6.454676e+006	2.432822e+007	-4.972713e+006	345556
2.432760e+007	-6.457924e+006	2.432760e+007	-4.975244e+006	345557
2.432698e+007	-6.461171e+006	2.432698e+007	-4.977774e+006	345558
2.432636e+007	-6.464419e+006	2.432636e+007	-4.980305e+006	345559
2.432575e+007	-6.467665e+006	2.432575e+007	-4.982835e+006	345560
2.432513e+007	-6.470912e+006	2.432513e+007	-4.985365e+006	345561
2.432451e+007	-6.474159e+006	2.432451e+007	-4.987895e+006	345562
2.432389e+007	-6.477406e+006	2.432389e+007	-4.990425e+006	345563
2.432327e+007	-6.480653e+006	2.432327e+007	-4.992955e+006	345564
2.432266e+007	-6.483900e+006	2.432266e+007	-4.995485e+006	345565
2.432204e+007	-6.487147e+006	2.432204e+007	-4.998015e+006	345566
2.432142e+007	-6.490393e+006	2.432142e+007	-5.000545e+006	345567
2.432080e+007	-6.493640e+006	2.432080e+007	-5.003074e+006	345568
2.432018e+007	-6.496886e+006	2.432018e+007	-5.005604e+006	345569
2.431957e+007	-6.500131e+006	2.431957e+007	-5.008133e+006	345570
2.431895e+007	-6.503377e+006	2.431895e+007	-5.010662e+006	345571
2.431833e+007	-6.506623e+006	2.431833e+007	-5.013191e+006	345572
2.431771e+007	-6.509869e+006	2.431772e+007	-5.015720e+006	345573
2.431710e+007	-6.513114e+006	2.431710e+007	-5.018249e+006	345574
2.431648e+007	-6.516359e+006	2.431648e+007	-5.020778e+006	345575
2.431586e+007	-6.519604e+006	2.431586e+007	-5.023306e+006	345576
2.431524e+007	-6.522849e+006	2.431524e+007	-5.025835e+006	345577
2.431463e+007	-6.526094e+006	2.431463e+007	-5.028363e+006	345578
2.431401e+007	-6.529338e+006	2.431401e+007	-5.030892e+006	345579
2.431339e+007	-6.532583e+006	2.431339e+007	-5.033420e+006	345580
2.431277e+007	-6.535827e+006	2.431277e+007	-5.035948e+006	345581
2.431216e+007	-6.539071e+006	2.431216e+007	-5.038476e+006	345582
2.431154e+007	-6.542315e+006	2.431154e+007	-5.041003e+006	345583
2.431092e+007	-6.545559e+006	2.431092e+007	-5.043531e+006	345584
2.431031e+007	-6.548803e+006	2.431031e+007	-5.046058e+006	345585
2.430969e+007	-6.552046e+006	2.430969e+007	-5.048586e+006	345586
2.430907e+007	-6.555289e+006	2.430907e+007	-5.051113e+006	345587
2.430845e+007	-6.558533e+006	2.430845e+007	-5.053640e+006	345588
2.430784e+007	-6.561776e+006	2.430784e+007	-5.056167e+006	345589
2.430722e+007	-6.565019e+006	2.430722e+007	-5.058694e+006	345590
2.430660e+007	-6.568262e+006	2.430660e+007	-5.061222e+006	345591
2.430599e+007	-6.571505e+006	2.430598e+007	-5.063749e+006	345592
2.430537e+007	-6.574748e+006	2.430537e+007	-5.066275e+006	345593
2.430475e+007	-6.577990e+006	2.430475e+007	-5.068802e+006	345594
2.430413e+007	-6.581232e+006	2.430413e+007	-5.071328e+006	345595
2.430352e+007	-6.584474e+006	2.430352e+007	-5.073855e+006	345596
2.430290e+007	-6.587717e+006	2.430290e+007	-5.076381e+006	345597
2.430228e+007	-6.590959e+006	2.430228e+007	-5.078907e+006	345598
2.430167e+007	-6.594201e+006	2.430166e+007	-5.081433e+006	345599
2.429242e+007	-6.642810e+006	2.429242e+007	-5.119311e+006	343814
2.452921e+007	-5.398414e+006	2.452922e+007	-4.149651e+006	345233
2.452859e+007	-5.401708e+006	2.452859e+007	-4.152218e+006	345234
2.452796e+007	-5.405002e+006	2.452796e+007	-4.154784e+006	345235
2.452733e+007	-5.408295e+006	2.452734e+007	-4.157351e+006	345236
2.452671e+007	-5.411588e+006	2.452671e+007	-4.159916e+006	345237
2.452608e+007	-5.414880e+006	2.452608e+007	-4.162482e+006	345238
2.452545e+007	-5.418172e+006	2.452546e+007	-4.165047e+006	345239
2.452483e+007	-5.421464e+006	2.452483e+007	-4.167612e+006	345240
2.452420e+007	-5.424754e+006	2.452421e+007	-4.170176e+006	345241
2.452358e+007	-5.428045e+006	2.452358e+007	-4.172741e+006	345242
2.452295e+007	-5.431336e+006	2.452295e+007	-4.175305e+006	345243
2.452232e+007	-5.434626e+006	2.452233e+007	-4.177868e+006	345244
2.452170e+007	-5.437916e+006	2.452170e+007	-4.180432e+006	345245
2.452107e+007	-5.441206e+006	2.452108e+007	-4.182996e+006	345246
2.452044e+007	-5.444497e+006	2.452045e+007	-4.185560e+006	345247
2.451982e+007	-5.447786e+006	2.451982e+007	-4.188123e+006	345248
2.451919e+007	-5.451076e+006	2.451920e+007	-4.190686e+006	345249
2.451857e+007	-5.454366e+006	2.451857e+007	-4.193250e+006	345250
2.451794e+007	-5.457656e+006	2.451795e+007	-4.195814e+006	345251
2.451731e+007	-5.460946e+006	2.451732e+007	-4.198377e+006	345252
2.451669e+007	-5.464235e+006	2.451669e+007	-4.200940e+006	345253
2.451606e+007	-5.467524e+006	2.451607e+007	-4.203503e+006	345254
2.451544e+007	-5.470813e+006	2.451544e+007	-4.206066e+006	345255
2.451481e+007	-5.474102e+006	2.451482e+007	-4.208629e+006	345256
2.451418e+007	-5.477390e+006	2.451419e+007	-4.211191e+006	345257
2.451356e+007	-5.480679e+006	2.451357e+007	-4.213754e+006	345258
2.451293e+007	-5.483968e+006	2.451294e+007	-4.216316e+006	345259
2.451231e+007	-5.487256e+006	2.451231e+007	-4.218879e+006	345260
2.451168e+007	-5.490544e+006	2.451169e+007	-4.221441e+006	345261
2.451106e+007	-5.493832e+006	2.451106e+007	-4.224003e+006	345262
2.451043e+007	-5.497120e+006	2.451044e+007	-4.226565e+006	345263
2.450981e+007	-5.500407e+006	2.450981e+007	-4.229126e+006	345264
2.450918e+007	-5.503695e+006	2.450919e+007	-4.231688e+006	345265
2.450856e+007	-5.506982e+006	2.450856e+007	-4.234249e+006	345266
2.450793e+007	-5.510269e+006	2.450793e+007	-4.236811e+006	345267
2.450730e+007	-5.513557e+006	2.450731e+007	-4.239373e+006	345268
2.450668e+007	-5.516844e+006	2.450668e+007	-4.241934e+006	345269
2.450605e+007	-5.520132e+006	2.450606e+007	-4.244496e+006	345270
2.450543e+007	-5.523419e+006	2.450543e+007	-4.247058e+006	345271
2.450480e+007	-5.526706e+006	2.450481e+007	-4.249619e+006	345272
2.450418e+007	-5.529993e+006	2.450418e+007	-4.252180e+006	345273
2.450355e+007	-5.533280e+006	2.450355e+007	-4.254742e+006	345274
2.450293e+007	-5.536567e+006	2.450293e+007	-4.257303e+006	345275
2.450230e+007	-5.539853e+006	2.450230e+007	-4.259864e+006	345276
2.450168e+007	-5.543139e+006	2.450168e+007	-4.262424e+006	345277
2.450105e+007	-5.546425e+006	2.450105e+007	-4.264985e+006	345278
2.450042e+007	-5.549711e+006	2.450043e+007	-4.267545e+006	345279
2.449980e+007	-5.552997e+006	2.449980e+007	-4.270105e+006	345280
2.449917e+007	-5.556283e+006	2.449918e+007	-4.272666e+006	345281
2.449855e+007	-5.559568e+006	2.449855e+007	-4.275226e+006	345282
2.449792e+007	-5.562853e+006	2.449793e+007	-4.277786e+006	345283
2.449730e+007	-5.566138e+006	2.449730e+007	-4.280345e+006	345284
2.449667e+007	-5.569423e+006	2.449668e+007	-4.282905e+006	345285
2.449605e+007	-5.572708e+006	2.449605e+007	-4.285465e+006	345286
2.449542e+007	-5.575993e+006	2.449543e+007	-4.288024e+006	345287
2.449480e+007	-5.579278e+006	2.449480e+007	-4.290584e+006	345288
2.449417e+007	-5.582562e+006	2.449418e+007	-4.293143e+006	345289
2.449355e+007	-5.585847e+006	2.449355e+007	-4.295703e+006	345290
2.449292e+007	-5.589132e+006	2.449293e+007	-4.298263e+006	345291
2.449230e+007	-5.592416e+006	2.449230e+007	-4.300822e+006	345292
2.449167e+007	-5.595701e+006	2.449168e+007	-4.303381e+006	345293
2.449105e+007	-5.598985e+006	2.449105e+007	-4.305940e+006	345294
2.449042e+007	-5.602269e+006	2.449043e+007	-4.308499e+006	345295
2.448980e+007	-5.605552e+006	2.448980e+007	-4.311058e+006	345296
2.448917e+007	-5.608836e+006	2.448918e+007	-4.313616e+006	345297
2.448855e+007	-5.612119e+006	2.448855e+007	-4.316174e+006	345298
2.448792e+007	-5.615402e+006	2.448793e+007	-4.318733e+006	345299
2.448730e+007	-5.618685e+006	2.448730e+007	-4.321291e+006	345300
2.448668e+007	-5.621968e+006	2.448668e+007	-4.323849e+006	345301
2.448605e+007	-5.625250e+006	2.448605e+007	-4.326407e+006	345302
2.448543e+007	-5.628533e+006	2.448543e+007	-4.328965e+006	345303
2.448480e+007	-5.631815e+006	2.448480e+007	-4.331522e+006	345304
2.448418e+007	-5.635097e+006	2.448418e+007	-4.334080e+006	345305
2.448355e+007	-5.638379e+006	2.448355e+007	-4.336637e+006	345306
2.448293e+007	-5.641661e+006	2.448293e+007	-4.339194e+006	345307
2.448230e+007	-5.644943e+006	2.448231e+007	-4.341752e+006	345308
2.448168e+007	-5.648225e+006	2.448168e+007	-4.344309e+006	345309
2.448105e+007	-5.651507e+006	2.448106e+007	-4.346866e+006	345310
2.448043e+007	-5.654788e+006	2.448043e+007	-4.349423e+006	345311
2.447981e+007	-5.658070e+006	2.447981e+007	-4.351980e+006	345312
2.447918e+007	-5.661351e+006	2.447918e+007	-4.354537e+006	345313
2.447856e+007	-5.664633e+006	2.447856e+007	-4.357094e+006	345314
2.447793e+007	-5.667914e+006	2.447793e+007	-4.359651e+006	345315
2.447731e+007	-5.671195e+006	2.447731e+007	-4.362208e+006	345316
2.447668e+007	-5.674476e+006	2.447669e+007	-4.364765e+006	345317
2.447606e+007	-5.677758e+006	2.447606e+007	-4.367322e+006	345318
2.447543e+007	-5.681038e+006	2.447544e+007	-4.369878e+006	345319
2.447481e+007	-5.684319e+006	2.447481e+007	-4.372434e+006	345320
2.447418e+007	-5.687599e+006	2.447419e+007	-4.374990e+006	345321
2.447356e+007	-5.690879e+006	2.447356e+007	-4.377546e+006	345322
2.447294e+007	-5.694159e+006	2.447294e+007	-4.380102e+006	345323
2.447231e+007	-5.697439e+006	2.447232e+007	-4.382658e+006	345324
2.447169e+007	-5.700718e+006	2.447169e+007	-4.385213e+006	345325
2.447107e+007	-5.703998e+006	2.447107e+007	-4.387769e+006	345326
2.447044e+007	-5.707277e+006	2.447044e+007	-4.390324e+006	345327
2.446982e+007	-5.710556e+006	2.446982e+007	-4.392879e+006	345328
2.446919e+007	-5.713836e+006	2.446920e+007	-4.395434e+006	345329
2.446857e+007	-5.717115e+006	2.446857e+007	-4.397990e+006	345330
2.446795e+007	-5.720394e+006	2.446795e+007	-4.400545e+006	345331
2.446732e+007	-5.723673e+006	2.446732e+007	-4.403100e+006	345332
2.446670e+007	-5.726952e+006	2.446670e+007	-4.405655e+006	345333
2.446607e+007	-5.730231e+006	2.446608e+007	-4.408210e+006	345334
2.446545e+007	-5.733510e+006	2.446545e+007	-4.410765e+006	345335
2.446483e+007	-5.736787e+006	2.446483e+007	-4.413319e+006	345336
2.446420e+007	-5.740065e+006	2.446420e+007	-4.415873e+006	345337
2.446358e+007	-5.743343e+006	2.446358e+007	-4.418427e+006	345338
2.446296e+007	-5.746621e+006	2.446296e+007	-4.420981e+006	345339
2.446233e+007	-5.749898e+006	2.446233e+007	-4.423535e+006	345340
2.446171e+007	-5.753176e+006	2.446171e+007	-4.426089e+006	345341
2.446108e+007	-5.756453e+006	2.446109e+007	-4.428643e+006	345342
2.446046e+007	-5.759730e+006	2.446046e+007	-4.431197e+006	345343
2.445984e+007	-5.763008e+006	2.445984e+007	-4.433750e+006	345344
2.445921e+007	-5.766285e+006	2.445922e+007	-4.436304e+006	345345
2.445859e+007	-5.769562e+006	2.445859e+007	-4.438857e+006	345346
2.445797e+007	-5.772838e+006	2.445797e+007	-4.441411e+006	345347
2.445734e+007	-5.776115e+006	2.445734e+007	-4.443964e+006	345348
2.445672e+007	-5.779392e+006	2.445672e+007	-4.446517e+006	345349
2.445609e+007	-5.782668e+006	2.445610e+007	-4.449070e+006	345350
2.445547e+007	-5.785945e+006	2.445547e+007	-4.451623e+006	345351
2.445485e+007	-5.789221e+006	2.445485e+007	-4.454176e+006	345352
2.445422e+007	-5.792497e+006	2.445423e+007	-4.456729e+006	345353
2.445360e+007	-5.795772e+006	2.445360e+007	-4.459281e+006	345354
2.445298e+007	-5.799048e+006	2.445298e+007	-4.461834e+006	345355
2.445236e+007	-5.802323e+006	2.445236e+007	-4.464386e+006	345356
2.445173e+007	-5.805599e+006	2.445173e+007	-4.466938e+006	345357
2.445111e+007	-5.808874e+006	2.445111e+007	-4.469490e+006	345358
2.445049e+007	-5.812149e+006	2.445049e+007	-4.472042e+006	345359
2.444986e+007	-5.815424e+006	2.444986e+007	-4.474594e+006	345360
2.444924e+007	-5.818698e+006	2.444924e+007	-4.477146e+006	345361
2.444862e+007	-5.821973e+006	2.444862e+007	-4.479697e+006	345362
2.444799e+007	-5.825247e+006	2.444800e+007	-4.482249e+006	345363
2.444737e+007	-5.828522e+006	2.444737e+007	-4.484800e+006	345364
2.444675e+007	-5.831796e+006	2.444675e+007	-4.487352e+006	345365
2.444612e+007	-5.835071e+006	2.444613e+007	-4.489903e+006	345366
2.444550e+007	-5.838345e+006	2.444550e+007	-4.492455e+006	345367
2.444488e+007	-5.841619e+006	2.444488e+007	-4.495006e+006	345368
2.444425e+007	-5.844893e+006	2.444426e+007	-4.497557e+006	345369
2.444363e+007	-5.848166e+006	2.444363e+007	-4.500108e+006	345370
2.444301e+007	-5.851440e+006	2.444301e+007	-4.502659e+006	345371
2.444239e+007	-5.854714e+006	2.444239e+007	-4.505210e+006	345372
2.444176e+007	-5.857987e+006	2.444176e+007	-4.507760e+006	345373
2.444114e+007	-5.861260e+006	2.444114e+007	-4.510310e+006	345374
2.444052e+007	-5.864533e+006	2.444052e+007	-4.512861e+006	345375
2.443990e+007	-5.867805e+006	2.443990e+007	-4.515411e+006	345376
2.443927e+007	-5.871078e+006	2.443927e+007	-4.517961e+006	345377
2.443865e+007	-5.874350e+006	2.443865e+007	-4.520511e+006	345378
2.443803e+007	-5.877622e+006	2.443803e+007	-4.523060e+006	345379
2.443740e+007	-5.880894e+006	2.443741e+007	-4.525610e+006	345380
2.443678e+007	-5.884166e+006	2.443678e+007	-4.528160e+006	345381
2.443616e+007	-5.887438e+006	2.443616e+007	-4.530709e+006	345382
2.443554e+007	-5.890710e+006	2.443554e+007	-4.533259e+006	345383
2.443491e+007	-5.893982e+006	2.443492e+007	-4.535808e+006	345384
2.443429e+007	-5.897254e+006	2.443429e+007	-4.538358e+006	345385
2.443367e+007	-5.900525e+006	2.443367e+007	-4.540907e+006	345386
2.443305e+007	-5.903797e+006	2.443305e+007	-4.543456e+006	345387
2.443242e+007	-5.907068e+006	2.443242e+007	-4.546005e+006	345388
2.443180e+007	-5.910339e+006	2.443180e+007	-4.548554e+006	345389
2.443118e+007	-5.913610e+006	2.443118e+007	-4.551103e+006	345390
2.443056e+007	-5.916881e+006	2.443056e+007	-4.553652e+006	345391
2.442993e+007	-5.920152e+006	2.442993e+007	-4.556201e+006	345392
2.442931e+007	-5.923423e+006	2.442931e+007	-4.558750e+006	345393
2.442869e+007	-5.926693e+006	2.442869e+007	-4.561298e+006	345394
2.442807e+007	-5.929963e+006	2.442807e+007	-4.563845e+006	345395
2.442744e+007	-5.933232e+006	2.442745e+007	-4.566393e+006	345396
2.442682e+007	-5.936502e+006	2.442682e+007	-4.568941e+006	345397
2.442620e+007	-5.939772e+006	2.442620e+007	-4.571489e+006	345398
2.442558e+007	-5.943041e+006	2.442558e+007	-4.574036e+006	345399
2.442496e+007	-5.946311e+006	2.442496e+007	-4.576584e+006	345400
2.442433e+007	-5.949580e+006	2.442433e+007	-4.579132e+006	345401
2.442371e+007	-5.952850e+006	2.442371e+007	-4.581679e+006	345402
2.442309e+007	-5.956119e+006	2.442309e+007	-4.584227e+006	345403
2.442247e+007	-5.959388e+006	2.442247e+007	-4.586774e+006	345404
2.442185e+007	-5.962656e+006	2.442185e+007	-4.589321e+006	345405
2.442122e+007	-5.965925e+006	2.442122e+007	-4.591868e+006	345406
2.442060e+007	-5.969194e+006	2.442060e+007	-4.594415e+006	345407
2.441998e+007	-5.972462e+006	2.441998e+007	-4.596962e+006	345408
2.441936e+007	-5.975730e+006	2.441936e+007	-4.599508e+006	345409
2.441874e+007	-5.978999e+006	2.441874e+007	-4.602055e+006	345410
2.441811e+007	-5.982267e+006	2.441811e+007	-4.604602e+006	345411
2.441749e+007	-5.985534e+006	2.441749e+007	-4.607148e+006	345412
2.441687e+007	-5.988801e+006	2.441687e+007	-4.609694e+006	345413
2.441625e+007	-5.992069e+006	2.441625e+007	-4.612240e+006	345414
2.441563e+007	-5.995336e+006	2.441563e+007	-4.614786e+006	345415
2.441501e+007	-5.998604e+006	2.441501e+007	-4.617332e+006	345416
2.441438e+007	-6.001871e+006	2.441438e+007	-4.619877e+006	345417
2.441376e+007	-6.005137e+006	2.441376e+007	-4.622423e+006	345418
2.441314e+007	-6.008404e+006	2.441314e+007	-4.624969e+006	345419
2.441252e+007	-6.011672e+006	2.441252e+007	-4.627515e+006	345420
2.441190e+007	-6.014939e+006	2.441190e+007	-4.630061e+006	345421
2.441127e+007	-6.018206e+006	2.441128e+007	-4.632606e+006	345422
2.441065e+007	-6.021472e+006	2.441065e+007	-4.635151e+006	345423
2.441003e+007	-6.024739e+006	2.441003e+007	-4.637697e+006	345424
2.440941e+007	-6.028006e+006	2.440941e+007	-4.640242e+006	345425
2.440879e+007	-6.031272e+006	2.440879e+007	-4.642788e+006	345426
2.440817e+007	-6.034538e+006	2.440817e+007	-4.645333e+006	345427
2.440754e+007	-6.037804e+006	2.440755e+007	-4.647877e+006	345428
2.440692e+007	-6.041069e+006	2.440692e+007	-4.650422e+006	345429
2.440630e+007	-6.044334e+006	2.440630e+007	-4.652966e+006	345430
2.440568e+007	-6.047598e+006	2.440568e+007	-4.655509e+006	345431
2.440506e+007	-6.050863e+006	2.440506e+007	-4.658053e+006	345432
2.440444e+007	-6.054128e+006	2.440444e+007	-4.660598e+006	345433
2.440382e+007	-6.057393e+006	2.440382e+007	-4.663142e+006	345434
2.440320e+007	-6.060658e+006	2.440320e+007	-4.665686e+006	345435
2.440258e+007	-6.063923e+006	2.440257e+007	-4.668230e+006	345436
2.440195e+007	-6.067188e+006	2.440195e+007	-4.670774e+006	345437
2.440133e+007	-6.070452e+006	2.440133e+007	-4.673318e+006	345438
2.440071e+007	-6.073717e+006	2.440071e+007	-4.675862e+006	345439
2.440009e+007	-6.076981e+006	2.440009e+007	-4.678405e+006	345440
2.439947e+007	-6.080246e+006	2.439947e+007	-4.680949e+006	345441
2.439885e+007	-6.083510e+006	2.439885e+007	-4.683492e+006	345442
2.439823e+007	-6.086773e+006	2.439823e+007	-4.686036e+006	345443
2.439761e+007	-6.090037e+006	2.439761e+007	-4.688578e+006	345444
2.439698e+007	-6.093299e+006	2.439699e+007	-4.691121e+006	345445
2.439636e+007	-6.096562e+006	2.439637e+007	-4.693663e+006	345446
2.439574e+007	-6.099825e+006	2.439574e+007	-4.696205e+006	345447
2.439512e+007	-6.103087e+006	2.439512e+007	-4.698748e+006	345448
2.439450e+007	-6.106350e+006	2.439450e+007	-4.701290e+006	345449
2.439388e+007	-6.109613e+006	2.439388e+007	-4.703833e+006	345450
2.439326e+007	-6.112876e+006	2.439326e+007	-4.706375e+006	345451
2.439264e+007	-6.116139e+006	2.439264e+007	-4.708918e+006	345452
2.439202e+007	-6.119401e+006	2.439202e+007	-4.711460e+006	345453
2.439140e+007	-6.122664e+006	2.439140e+007	-4.714002e+006	345454
2.439078e+007	-6.125926e+006	2.439078e+007	-4.716544e+006	345455
2.439015e+007	-6.129188e+006	2.439016e+007	-4.719086e+006	345456
2.438953e+007	-6.132450e+006	2.438953e+007	-4.721628e+006	345457
2.438891e+007	-6.135712e+006	2.438891e+007	-4.724169e+006	345458
2.438829e+007	-6.138974e+006	2.438829e+007	-4.726711e+006	345459
2.438767e+007	-6.142235e+006	2.438767e+007	-4.729253e+006	345460
2.438705e+007	-6.145497e+006	2.438705e+007	-4.731794e+006	345461
2.438643e+007	-6.148757e+006	2.438643e+007	-4.734335e+006	345462
2.438581e+007	-6.152018e+006	2.438581e+007	-4.736876e+006	345463
2.438519e+007	-6.155279e+006	2.438519e+007	-4.739416e+006	345464
2.438457e+007	-6.158540e+006	2.438457e+007	-4.741957e+006	345465
2.438395e+007	-6.161800e+006	2.438395e+007	-4.744498e+006	345466
2.438333e+007	-6.165060e+006	2.438333e+007	-4.747038e+006	345467
2.438271e+007	-6.168321e+006	2.438271e+007	-4.749579e+006	345468
2.438209e+007	-6.171581e+006	2.438209e+007	-4.752120e+006	345469
2.438147e+007	-6.174841e+006	2.438147e+007	-4.754660e+006	345470
2.438085e+007	-6.178100e+006	2.438085e+007	-4.757199e+006	345471
2.438023e+007	-6.181360e+006	2.438023e+007	-4.759739e+006	345472
2.437961e+007	-6.184619e+006	2.437961e+007	-4.762279e+006	345473
2.437899e+007	-6.187879e+006	2.437899e+007	-4.764819e+006	345474
2.437837e+007	-6.191138e+006	2.437837e+007	-4.767359e+006	345475
2.437775e+007	-6.194398e+006	2.437775e+007	-4.769899e+006	345476
2.437713e+007	-6.197657e+006	2.437713e+007	-4.772438e+006	345477
2.437651e+007	-6.200916e+006	2.437651e+007	-4.774978e+006	345478
2.437589e+007	-6.204175e+006	2.437589e+007	-4.777517e+006	345479
2.437527e+007	-6.207433e+006	2.437527e+007	-4.780056e+006	345480
2.437465e+007	-6.210692e+006	2.437465e+007	-4.782595e+006	345481
2.437403e+007	-6.213950e+006	2.437403e+007	-4.785134e+006	345482
2.437341e+007	-6.217208e+006	2.437341e+007	-4.787673e+006	345483
2.437279e+007	-6.220466e+006	2.437279e+007	-4.790211e+006	345484
2.437217e+007	-6.223723e+006	2.437217e+007	-4.792750e+006	345485
2.437155e+007	-6.226981e+006	2.437155e+007	-4.795288e+006	345486
2.437093e+007	-6.230239e+006	2.437093e+007	-4.797827e+006	345487
2.437031e+007	-6.233496e+006	2.437031e+007	-4.800365e+006	345488
2.436969e+007	-6.236753e+006	2.436969e+007	-4.802903e+006	345489
2.436907e+007	-6.240010e+006	2.436907e+007	-4.805441e+006	345490
2.436845e+007	-6.243267e+006	2.436845e+007	-4.807979e+006	345491
2.436783e+007	-6.246525e+006	2.436783e+007	-4.810517e+006	345492
2.436721e+007	-6.249782e+006	2.436721e+007	-4.813055e+006	345493
2.436659e+007	-6.253038e+006	2.436659e+007	-4.815593e+006	345494
2.436597e+007	-6.256295e+006	2.436597e+007	-4.818130e+006	345495
2.436535e+007	-6.259552e+006	2.436535e+007	-4.820668e+006	345496
2.436473e+007	-6.262808e+006	2.436473e+007	-4.823206e+006	345497
2.436411e+007	-6.266064e+006	2.436411e+007	-4.825743e+006	345498
2.436349e+007	-6.269320e+006	2.436349e+007	-4.828279e+006	345499
2.436287e+007	-6.272575e+006	2.436287e+007	-4.830816e+006	345500
2.436225e+007	-6.275831e+006	2.436225e+007	-4.833353e+006	345501
2.436163e+007	-6.279086e+006	2.436163e+007	-4.835890e+006	345502
2.436101e+007	-6.282342e+006	2.436101e+007	-4.838427e+006	345503
2.436039e+007	-6.285597e+006	2.436039e+007	-4.840963e+006	345504
2.435977e+007	-6.288852e+006	2.435977e+007	-4.843500e+006	345505
2.435915e+007	-6.292107e+006	2.435915e+007	-4.846036e+006	345506
2.435853e+007	-6.295362e+006	2.435853e+007	-4.848572e+006	345507
2.435791e+007	-6.298616e+006	2.435791e+007	-4.851108e+006	345508
2.435729e+007	-6.301871e+006	2.435730e+007	-4.853644e+006	345509
2.435667e+007	-6.305125e+006	2.435668e+007	-4.856179e+006	345510
2.435606e+007	-6.308378e+006	2.435606e+007	-4.858715e+006	345511
2.435544e+007	-6.311632e+006	2.435544e+007	-4.861250e+006	345512
2.435482e+007	-6.314886e+006	2.435482e+007	-4.863786e+006	345513
2.435420e+007	-6.318141e+006	2.435420e+007	-4.866322e+006	345514
2.435358e+007	-6.321395e+006	2.435358e+007	-4.868858e+006	345515
2.435296e+007	-6.324649e+006	2.435296e+007	-4.871393e+006	345516
2.435234e+007	-6.327902e+006	2.435234e+007	-4.873928e+006	345517
2.435172e+007	-6.331155e+006	2.435172e+007	-4.876463e+006	345518
2.435110e+007	-6.334408e+006	2.435110e+007	-4.878998e+006	345519
2.435049e+007	-6.337661e+006	2.435048e+007	-4.881533e+006	345520
2.434986e+007	-6.340914e+006	2.434987e+007	-4.884067e+006	345521
2.434924e+007	-6.344167e+006	2.434925e+007	-4.886602e+006	345522
2.434863e+007	-6.347419e+006	2.434863e+007	-4.889136e+006	345523
2.434801e+007	-6.350671e+006	2.434801e+007	-4.891670e+006	345524
2.434739e+007	-6.353923e+006	2.434739e+007	-4.894204e+006	345525
2.434677e+007	-6.357175e+006	2.434677e+007	-4.896738e+006	345526
2.434615e+007	-6.360427e+006	2.434615e+007	-4.899272e+006	345527
2.434553e+007	-6.363680e+006	2.434553e+007	-4.901807e+006	345528
2.434491e+007	-6.366932e+006	2.434491e+007	-4.904341e+006	345529
2.434429e+007	-6.370184e+006	2.434430e+007	-4.906875e+006	345530
2.434368e+007	-6.373436e+006	2.434368e+007	-4.909409e+006	345531
2.434306e+007	-6.376687e+006	2.434306e+007	-4.911943e+006	345532
2.434244e+007	-6.379938e+006	2.434244e+007	-4.914476e+006	345533
2.434182e+007	-6.383189e+006	2.434182e+007	-4.917009e+006	345534
2.434120e+007	-6.386440e+006	2.434120e+007	-4.919542e+006	345535
2.434058e+007	-6.389691e+006	2.434058e+007	-4.922075e+006	345536
2.433996e+007	-6.392942e+006	2.433997e+007	-4.924608e+006	345537
2.433935e+007	-6.396192e+006	2.433935e+007	-4.927141e+006	345538
2.433873e+007	-6.399442e+006	2.433873e+007	-4.929673e+006	345539
2.433811e+007	-6.402692e+006	2.433811e+007	-4.932206e+006	345540
2.433749e+007	-6.405941e+006	2.433749e+007	-4.934738e+006	345541
2.433687e+007	-6.409191e+006	2.433687e+007	-4.937270e+006	345542
2.433625e+007	-6.412441e+006	2.433625e+007	-4.939803e+006	345543
2.433563e+007	-6.415691e+006	2.433564e+007	-4.942335e+006	345544
2.433502e+007	-6.418941e+006	2.433502e+007	-4.944868e+006	345545
2.433440e+007	-6.422191e+006	2.433440e+007	-4.947400e+006	345546
2.433378e+007	-6.425440e+006	2.433378e+007	-4.949932e+006	345547
2.433316e+007	-6.428689e+006	2.433316e+007	-4.952464e+006	345548
2.433254e+007	-6.431939e+006	2.433254e+007	-4.954995e+006	345549
2.433192e+007	-6.435188e+006	2.433193e+007	-4.957527e+006	345550
2.433131e+007	-6.438436e+006	2.433131e+007	-4.960059e+006	345551
2.433069e+007	-6.441685e+006	2.433069e+007	-4.962590e+006	345552
2.433007e+007	-6.444933e+006	2.433007e+007	-4.965121e+006	345553
2.432945e+007	-6.448181e+006	2.432945e+007	-4.967652e+006	345554
2.432883e+007	-6.451429e+006	2.432884e+007	-4.970183e+006	345555
2.432822e+007	-6.454676e+006	2.432822e+007	-4.972713e+006	345556
2.432760e+007	-6.457924e+006	2.432760e+007	-4.975244e+006	345557
2.432698e+007	-6.461171e+006	2.432698e+007	-4.977774e+006	345558
2.432636e+007	-6.464419e+006	2.432636e+007	-4.980305e+006	345559
2.432575e+007	-6.467665e+006	2.432575e+007	-4.982835e+006	345560
2.432513e+007	-6.470912e+006	2.432513e+007	-4.985365e+006	345561
2.432451e+007	-6.474159e+006	2.432451e+007	-4.987895e+006	345562
2.432389e+007	-6.477406e+006	2.432389e+007	-4.990425e+006	345563
2.432327e+007	-6.480653e+006	2.432327e+007	-4.992955e+006	345564
2.432266e+007	-6.483900e+006	2.432266e+007	-4.995485e+006	345565
2.432204e+007	-6.487147e+006	2.432204e+007	-4.998015e+006	345566
2.432142e+007	-6.490393e+006	2.432142e+007	-5.000545e+006	345567
2.432080e+007	-6.493640e+006	2.432080e+007	-5.003074e+006	345568
2.432018e+007	-6.496886e+006	2.432018e+007	-5.005604e+006	345569
2.431957e+007	-6.500131e+006	2.431957e+007	-5.008133e+006	345570
2.431895e+007	-6.503377e+006	2.431895e+007	-5.010662e+006	345571
2.431833e+007	-6.506623e+006	2.431833e+007	-5.013191e+006	345572
2.431771e+007	-6.509869e+006	2.431772e+007	-5.015720e+006	345573
2.431710e+007	-6.513114e+006	2.431710e+007	-5.018249e+006	345574
2.431648e+007	-6.516359e+006	2.431648e+007	-5.020778e+006	345575
2.431586e+007	-6.519604e+006	2.431586e+007	-5.023306e+006	345576
2.431524e+007	-6.522849e+006	2.431524e+007	-5.025835e+006	345577
2.431463e+007	-6.526094e+006	2.431463e+007	-5.028363e+006	345578
2.431401e+007	-6.529338e+006	2.431401e+007	-5.030892e+006	345579
2.431339e+007	-6.532583e+006	2.431339e+007	-5.033420e+006	345580
2.431277e+007	-6.535827e+006	2.431277e+007	-5.035948e+006	345581
2.431216e+007	-6.539071e+006	2.431216e+007	-5.038476e+006	345582
2.431154e+007	-6.542315e+006	2.431154e+007	-5.041003e+006	345583
2.431092e+007	-6.545559e+006	2.431092e+007	-5.043531e+006	345584
2.431031e+007	-6.548803e+006	2.431031e+007	-5.046058e+006	345585
2.430969e+007	-6.552046e+006	2.430969e+007	-5.048586e+006	345586
2.430907e+007	-6.555289e+006	2.430907e+007	-5.051113e+006	345587
2.430845e+007	-6.558533e+006	2.430845e+007	-5.053640e+006	345588
2.430784e+007	-6.561776e+006	2.430784e+007	-5.056167e+006	345589
2.430722e+007	-6.565019e+006	2.430722e+007	-5.058694e+006	345590
2.430660e+007	-6.568262e+006	2.430660e+007	-5.061222e+006	345591
2.430599e+007	-6.571505e+006	2.430598e+007	-5.063749e+006	345592
2.430537e+007	-6.574748e+006	2.430537e+007	-5.066275e+006	345593
2.430475e+007	-6.577990e+006	2.430475e+007	-5.068802e+006	345594
2.430413e+007	-6.581232e+006	2.430413e+007	-5.071328e+006	345595
2.430352e+007	-6.584474e+006	2.430352e+007	-5.073855e+006	345596
2.430290e+007	-6.587717e+006	2.430290e+007	-5.076381e+006	345597
2.430228e+007	-6.590959e+006	2.430228e+007	-5.078907e+006	345598
2.430167e+007	-6.594201e+006	2.430166e+007	-5.081433e+006	345599
