2.028554e+007	2.737443e+005	2.028554e+007	4.652155e+005	155948	3.822416e+009	3.926745e+009	4.400000e+001	3.900000e+001	3.200000e+001	2.200000e+001	3.200000e+001	2.200000e+001	4.194305e+007	3.355445e+007	2.028554e+007	2.737443e+005	2.000000e+000	2.400000e+001	3.363832e+009
2.024651e+007	6.861909e+004	2.024651e+007	3.053777e+005	155949	3.579286e+009	3.737293e+009	4.400000e+001	3.900000e+001	3.200000e+001	2.200000e+001	3.200000e+001	2.200000e+001	7.549757e+007	7.549753e+007	2.024651e+007	6.861910e+004	2.000000e+000	2.400000e+001	3.363832e+009
2.021573e+007	-9.314784e+004	2.021572e+007	1.793255e+005	155950	3.440708e+009	3.629311e+009	4.400000e+001	3.900000e+001	3.200000e+001	2.200000e+001	3.200000e+001	2.200000e+001	1.006635e+008	1.090520e+008	2.021572e+007	-9.314783e+004	2.000000e+000	2.400000e+001	3.363832e+009
2.019232e+007	-2.161770e+005	2.019231e+007	8.345861e+004	155951	3.383348e+009	3.584615e+009	4.400000e+001	3.900000e+001	3.200000e+001	2.200000e+001	3.200000e+001	2.200000e+001	1.426064e+008	1.426064e+008	2.019231e+007	-2.161770e+005	2.000000e+000	2.400000e+001	3.363832e+009
2.017529e+007	-3.056398e+005	2.017529e+007	1.374736e+004	155952	3.386648e+009	3.587186e+009	4.400000e+001	3.900000e+001	3.200000e+001	2.200000e+001	3.200000e+001	2.200000e+001	1.677723e+008	1.677723e+008	2.017529e+007	-3.056398e+005	2.000000e+000	2.400000e+001	3.363832e+009
2.016365e+007	-3.668489e+005	2.016364e+007	-3.394807e+004	155953	3.433015e+009	3.623316e+009	4.400000e+001	3.900000e+001	3.200000e+001	2.200000e+001	3.200000e+001	2.200000e+001	2.013266e+008	2.097152e+008	2.016364e+007	-3.668489e+005	2.000000e+000	2.400000e+001	3.363832e+009
2.015639e+007	-4.049600e+005	2.015639e+007	-6.364503e+004	155954	3.507803e+009	3.681592e+009	4.400000e+001	3.900000e+001	3.200000e+001	2.200000e+001	3.200000e+001	2.200000e+001	2.432698e+008	2.432697e+008	2.015639e+007	-4.049600e+005	2.000000e+000	2.400000e+001	3.363832e+009
2.015262e+007	-4.247665e+005	2.015262e+007	-7.907864e+004	155955	3.599249e+009	3.752849e+009	4.400000e+001	3.900000e+001	3.200000e+001	2.200000e+001	3.200000e+001	2.200000e+001	2.684355e+008	2.768242e+008	2.015262e+007	-4.247665e+005	2.000000e+000	2.400000e+001	3.363832e+009
2.015152e+007	-4.305706e+005	2.015151e+007	-8.360135e+004	155956	3.698118e+009	3.829890e+009	4.400000e+001	3.900000e+001	3.200000e+001	2.200000e+001	3.200000e+001	2.200000e+001	3.103785e+008	3.019899e+008	2.015151e+007	-4.305706e+005	2.000000e+000	2.400000e+001	3.363832e+009
2.015237e+007	-4.261164e+005	2.015236e+007	-8.013050e+004	155957	3.797469e+009	3.907306e+009	4.400000e+001	3.900000e+001	3.200000e+001	2.200000e+001	3.200000e+001	2.200000e+001	3.355444e+008	3.355443e+008	2.015236e+007	-4.261164e+005	2.000000e+000	2.400000e+001	3.363832e+009
2.015456e+007	-4.145693e+005	2.015456e+007	-7.113281e+004	155958	3.892364e+009	3.981251e+009	4.400000e+001	3.900000e+001	3.200000e+001	2.200000e+001	3.200000e+001	2.200000e+001	3.690989e+008	3.690988e+008	2.015456e+007	-4.145693e+005	2.000000e+000	2.400000e+001	3.363832e+009
2.015762e+007	-3.985291e+005	2.015761e+007	-5.863390e+004	155959	3.979520e+009	4.049164e+009	4.400000e+001	3.900000e+001	3.200000e+001	2.200000e+001	3.200000e+001	2.200000e+001	4.026532e+008	4.026533e+008	2.015761e+007	-3.985291e+005	2.000000e+000	2.400000e+001	3.363832e+009
2.016113e+007	-3.800651e+005	2.016113e+007	-4.424639e+004	155960	4.056871e+009	4.109437e+009	4.400000e+001	3.900000e+001	3.200000e+001	2.200000e+001	3.200000e+001	2.200000e+001	4.445965e+008	4.362078e+008	2.016113e+007	-3.800651e+005	2.000000e+000	2.400000e+001	3.363832e+009
2.016480e+007	-3.607692e+005	2.016479e+007	-2.921066e+004	155961	4.123528e+009	4.161378e+009	4.400000e+001	3.900000e+001	3.200000e+001	2.200000e+001	3.200000e+001	2.200000e+001	4.781507e+008	4.781508e+008	2.016480e+007	-3.607692e+005	2.000000e+000	2.400000e+001	3.355443e+009
2.016841e+007	-3.418168e+005	2.016840e+007	-1.444249e+004	155962	4.179319e+009	4.204852e+009	4.400000e+001	3.900000e+001	3.200000e+001	2.200000e+001	3.200000e+001	2.200000e+001	5.117051e+008	5.117052e+008	2.016840e+007	-3.418168e+005	2.000000e+000	2.400000e+001	3.363832e+009
2.017179e+007	-3.240277e+005	2.017179e+007	-5.808437e+002	155963	4.224682e+009	4.240200e+009	4.400000e+001	3.900000e+001	3.200000e+001	2.200000e+001	3.200000e+001	2.200000e+001	5.452597e+008	5.452596e+008	2.017179e+007	-3.240276e+005	2.000000e+000	2.400000e+001	3.355443e+009
2.017486e+007	-3.079304e+005	2.017485e+007	1.196246e+004	155964	4.260398e+009	4.268030e+009	4.400000e+001	3.900000e+001	3.200000e+001	2.200000e+001	3.200000e+001	2.200000e+001	5.704255e+008	5.704255e+008	2.017485e+007	-3.079304e+005	2.000000e+000	2.400000e+001	3.355443e+009
2.017754e+007	-2.938189e+005	2.017754e+007	2.295847e+004	155965	4.287527e+009	4.289169e+009	4.400000e+001	3.900000e+001	3.200000e+001	2.200000e+001	3.200000e+001	2.200000e+001	6.039798e+008	6.039799e+008	2.017754e+007	-2.938189e+005	2.000000e+000	2.400000e+001	3.355443e+009
2.017983e+007	-2.818071e+005	2.017982e+007	3.231827e+004	155966	1.224744e+007	9.543311e+006	4.400000e+001	3.900000e+001	3.200000e+001	2.200000e+001	3.200000e+001	2.200000e+001	6.459229e+008	6.375342e+008	2.017982e+007	-2.818071e+005	2.000000e+000	2.400000e+001	3.355443e+009
2.018172e+007	-2.718742e+005	2.018171e+007	4.005818e+004	155967	2.567223e+007	2.000439e+007	4.400000e+001	3.900000e+001	3.200000e+001	2.200000e+001	3.200000e+001	2.200000e+001	6.710887e+008	6.710888e+008	2.018171e+007	-2.718742e+005	2.000000e+000	2.400000e+001	3.355443e+009
2.018323e+007	-2.639044e+005	2.018323e+007	4.626846e+004	155968	3.400245e+007	2.649557e+007	4.400000e+001	3.900000e+001	3.200000e+001	2.200000e+001	3.200000e+001	2.200000e+001	7.130318e+008	7.130318e+008	2.018323e+007	-2.639044e+005	2.000000e+000	2.400000e+001	3.355443e+009
2.018441e+007	-2.577198e+005	2.018440e+007	5.108759e+004	155969	3.826813e+007	2.981938e+007	4.400000e+001	3.900000e+001	3.200000e+001	2.200000e+001	3.200000e+001	2.200000e+001	7.381976e+008	7.465863e+008	2.018441e+007	-2.577198e+005	2.000000e+000	2.400000e+001	3.355443e+009
2.018529e+007	-2.531080e+005	2.018528e+007	5.468121e+004	155970	3.945052e+007	3.074077e+007	4.400000e+001	3.900000e+001	3.200000e+001	2.200000e+001	3.200000e+001	2.200000e+001	7.717520e+008	7.801406e+008	2.018528e+007	-2.531080e+005	2.000000e+000	2.400000e+001	3.355443e+009
