2.410233e+007	-9.941667e+005	2.410233e+007	-7.100270e+005	155948	3.788343e+009	3.900195e+009	4.100000e+001	3.600000e+001	3.200000e+001	2.200000e+001	3.200000e+001	2.200000e+001	3.355445e+007	4.194309e+007	2.410233e+007	-9.941667e+005	2.000000e+000	2.400000e+001	3.363832e+009
2.406265e+007	-1.202700e+006	2.406265e+007	-8.725206e+005	155949	3.545199e+009	3.710732e+009	4.100000e+001	3.500000e+001	3.200000e+001	2.200000e+001	3.200000e+001	2.200000e+001	6.710892e+007	7.549760e+007	2.406265e+007	-1.202700e+006	2.000000e+000	2.400000e+001	3.363832e+009
2.403122e+007	-1.367875e+006	2.403122e+007	-1.001229e+006	155950	3.406612e+009	3.602743e+009	4.100000e+001	3.500000e+001	3.200000e+001	2.200000e+001	3.200000e+001	2.200000e+001	1.006633e+008	1.006633e+008	2.403122e+007	-1.367875e+006	2.000000e+000	2.400000e+001	3.363832e+009
2.400716e+007	-1.494313e+006	2.400716e+007	-1.099751e+006	155951	3.349258e+009	3.558051e+009	4.100000e+001	3.500000e+001	3.200000e+001	2.200000e+001	3.200000e+001	2.200000e+001	1.426064e+008	1.342177e+008	2.400716e+007	-1.494313e+006	2.000000e+000	2.400000e+001	3.363832e+009
2.398948e+007	-1.587184e+006	2.398949e+007	-1.172119e+006	155952	3.352559e+009	3.560623e+009	4.100000e+001	3.500000e+001	3.200000e+001	2.200000e+001	3.200000e+001	2.200000e+001	1.761609e+008	1.761608e+008	2.398948e+007	-1.587184e+006	2.000000e+000	2.400000e+001	3.363832e+009
2.397719e+007	-1.651802e+006	2.397719e+007	-1.222470e+006	155953	3.398916e+009	3.596746e+009	4.100000e+001	3.500000e+001	3.200000e+001	2.200000e+001	3.200000e+001	2.200000e+001	2.013266e+008	2.013267e+008	2.397719e+007	-1.651802e+006	2.000000e+000	2.400000e+001	3.363832e+009
2.396929e+007	-1.693322e+006	2.396929e+007	-1.254823e+006	155954	3.473704e+009	3.655022e+009	4.100000e+001	3.500000e+001	3.200000e+001	2.200000e+001	3.200000e+001	2.200000e+001	2.348811e+008	2.432697e+008	2.396929e+007	-1.693322e+006	2.000000e+000	2.400000e+001	3.363832e+009
2.396487e+007	-1.716537e+006	2.396487e+007	-1.272913e+006	155955	3.565157e+009	3.726284e+009	4.100000e+001	3.500000e+001	3.200000e+001	2.200000e+001	3.200000e+001	2.200000e+001	2.684356e+008	2.768241e+008	2.396487e+007	-1.716537e+006	2.000000e+000	2.400000e+001	3.363832e+009
2.396312e+007	-1.725751e+006	2.396312e+007	-1.280092e+006	155956	3.664000e+009	3.803304e+009	4.000000e+001	3.500000e+001	3.200000e+001	2.200000e+001	3.200000e+001	2.200000e+001	3.019901e+008	3.103786e+008	2.396312e+007	-1.725751e+006	2.000000e+000	2.400000e+001	3.363832e+009
2.396332e+007	-1.724706e+006	2.396332e+007	-1.279278e+006	155957	3.763417e+009	3.880772e+009	4.000000e+001	3.500000e+001	3.200000e+001	2.200000e+001	3.200000e+001	2.200000e+001	3.355445e+008	3.439329e+008	2.396332e+007	-1.724706e+006	2.000000e+000	2.400000e+001	3.363832e+009
2.396487e+007	-1.716568e+006	2.396487e+007	-1.272937e+006	155958	3.858258e+009	3.954674e+009	4.000000e+001	3.500000e+001	3.200000e+001	2.200000e+001	3.200000e+001	2.200000e+001	3.690989e+008	3.774874e+008	2.396486e+007	-1.716568e+006	2.000000e+000	2.400000e+001	3.363832e+009
2.396727e+007	-1.703937e+006	2.396727e+007	-1.263095e+006	155959	3.945411e+009	4.022586e+009	4.000000e+001	3.500000e+001	3.200000e+001	2.200000e+001	3.200000e+001	2.200000e+001	4.026533e+008	4.110420e+008	2.396727e+007	-1.703937e+006	2.000000e+000	2.400000e+001	3.363832e+009
2.397013e+007	-1.688883e+006	2.397013e+007	-1.251364e+006	155960	4.022773e+009	4.082868e+009	4.000000e+001	3.500000e+001	3.200000e+001	2.200000e+001	3.200000e+001	2.200000e+001	4.362077e+008	4.445963e+008	2.397013e+007	-1.688883e+006	2.000000e+000	2.400000e+001	3.363832e+009
2.397316e+007	-1.672997e+006	2.397315e+007	-1.238986e+006	155961	4.089436e+009	4.134813e+009	4.000000e+001	3.500000e+001	3.200000e+001	2.200000e+001	3.200000e+001	2.200000e+001	4.781507e+008	4.781509e+008	2.397315e+007	-1.672997e+006	2.000000e+000	2.400000e+001	3.363832e+009
2.397611e+007	-1.657455e+006	2.397611e+007	-1.226875e+006	155962	4.145236e+009	4.178293e+009	4.000000e+001	3.500000e+001	3.200000e+001	2.200000e+001	3.200000e+001	2.200000e+001	5.033166e+008	5.117052e+008	2.397611e+007	-1.657455e+006	2.000000e+000	2.400000e+001	3.363832e+009
2.397885e+007	-1.643076e+006	2.397885e+007	-1.215671e+006	155963	4.190574e+009	4.213622e+009	4.000000e+001	3.500000e+001	3.200000e+001	2.200000e+001	3.200000e+001	2.200000e+001	5.368710e+008	5.452597e+008	2.397885e+007	-1.643076e+006	2.000000e+000	2.400000e+001	3.363832e+009
2.398127e+007	-1.630389e+006	2.398126e+007	-1.205785e+006	155964	4.226285e+009	4.241449e+009	4.000000e+001	3.500000e+001	3.200000e+001	2.200000e+001	3.200000e+001	2.200000e+001	5.704255e+008	5.788140e+008	2.398126e+007	-1.630389e+006	2.000000e+000	2.400000e+001	3.363832e+009
2.398330e+007	-1.619688e+006	2.398330e+007	-1.197446e+006	155965	4.253426e+009	4.262597e+009	4.000000e+001	3.500000e+001	3.200000e+001	2.200000e+001	3.200000e+001	2.200000e+001	6.039798e+008	6.123685e+008	2.398330e+007	-1.619688e+006	2.000000e+000	2.400000e+001	3.363832e+009
2.398494e+007	-1.611087e+006	2.398494e+007	-1.190744e+006	155966	4.273103e+009	4.277931e+009	4.000000e+001	3.500000e+001	3.200000e+001	2.200000e+001	3.200000e+001	2.200000e+001	6.375342e+008	6.459230e+008	2.398493e+007	-1.611087e+006	2.000000e+000	2.400000e+001	3.363832e+009
2.398618e+007	-1.604566e+006	2.398618e+007	-1.185662e+006	155967	4.286530e+009	4.288393e+009	4.000000e+001	3.500000e+001	3.200000e+001	2.200000e+001	3.200000e+001	2.200000e+001	6.710887e+008	6.794773e+008	2.398618e+007	-1.604566e+006	2.000000e+000	2.400000e+001	3.363832e+009
2.398705e+007	-1.600007e+006	2.398704e+007	-1.182110e+006	155968	4.294845e+009	4.294872e+009	4.000000e+001	3.500000e+001	3.200000e+001	2.200000e+001	3.200000e+001	2.200000e+001	7.130317e+008	7.130318e+008	2.398704e+007	-1.600007e+006	2.000000e+000	2.400000e+001	3.363832e+009
2.398757e+007	-1.597234e+006	2.398757e+007	-1.179949e+006	155969	4.144176e+006	3.229386e+006	4.000000e+001	3.400000e+001	3.200000e+001	2.200000e+001	3.200000e+001	2.200000e+001	7.465862e+008	7.465864e+008	2.398757e+007	-1.597234e+006	2.000000e+000	2.400000e+001	3.363832e+009
2.398780e+007	-1.596034e+006	2.398780e+007	-1.179014e+006	155970	5.343751e+006	4.164110e+006	4.000000e+001	3.500000e+001	3.200000e+001	2.200000e+001	3.200000e+001	2.200000e+001	7.717520e+008	7.801407e+008	2.398780e+007	-1.596034e+006	2.000000e+000	2.400000e+001	3.363832e+009
