2.090214e+007	7.009035e+005	2.090214e+007	5.459741e+005	155948	3.839632e+009	3.940161e+009	4.500000e+001	4.100000e+001	3.200000e+001	2.200000e+001	3.200000e+001	2.200000e+001	3.355446e+007	4.194309e+007	2.090214e+007	7.009035e+005	2.000000e+000	2.400000e+001	3.355443e+009
2.086344e+007	4.975002e+005	2.086343e+007	3.874780e+005	155949	3.596504e+009	3.750710e+009	4.500000e+001	4.100000e+001	3.200000e+001	2.200000e+001	3.200000e+001	2.200000e+001	7.549748e+007	7.549756e+007	2.086343e+007	4.975002e+005	2.000000e+000	2.400000e+001	3.355443e+009
2.083298e+007	3.374554e+005	2.083298e+007	2.627678e+005	155950	3.457923e+009	3.642725e+009	4.500000e+001	4.100000e+001	3.200000e+001	2.200000e+001	3.200000e+001	2.200000e+001	1.006633e+008	1.090519e+008	2.083298e+007	3.374554e+005	2.000000e+000	2.400000e+001	3.355443e+009
2.080990e+007	2.161484e+005	2.080989e+007	1.682429e+005	155951	3.400564e+009	3.598030e+009	4.500000e+001	4.100000e+001	3.200000e+001	2.200000e+001	3.200000e+001	2.200000e+001	1.342178e+008	1.342177e+008	2.080989e+007	2.161484e+005	2.000000e+000	2.400000e+001	3.355443e+009
2.079320e+007	1.284080e+005	2.079320e+007	9.987372e+004	155952	3.403871e+009	3.600607e+009	4.500000e+001	4.100000e+001	3.200000e+001	2.200000e+001	3.200000e+001	2.200000e+001	1.761608e+008	1.677722e+008	2.079320e+007	1.284080e+005	2.000000e+000	2.400000e+001	3.355443e+009
2.078188e+007	6.892137e+004	2.078188e+007	5.352050e+004	155953	3.450245e+009	3.636742e+009	4.500000e+001	4.100000e+001	3.200000e+001	2.200000e+001	3.200000e+001	2.200000e+001	2.097153e+008	2.013266e+008	2.078188e+007	6.892137e+004	2.000000e+000	2.400000e+001	3.355443e+009
2.077496e+007	3.253295e+004	2.077495e+007	2.516588e+004	155954	3.525043e+009	3.695027e+009	4.500000e+001	4.100000e+001	3.200000e+001	2.200000e+001	3.200000e+001	2.200000e+001	2.348810e+008	2.432697e+008	2.077495e+007	3.253295e+004	2.000000e+000	2.400000e+001	3.355443e+009
2.077151e+007	1.444930e+004	2.077151e+007	1.107472e+004	155955	3.616464e+009	3.766263e+009	4.500000e+001	4.100000e+001	3.200000e+001	2.200000e+001	3.200000e+001	2.200000e+001	2.684355e+008	2.768241e+008	2.077151e+007	1.444930e+004	2.000000e+000	2.400000e+001	3.355443e+009
2.077074e+007	1.036817e+004	2.077073e+007	7.894619e+003	155956	3.715341e+009	3.843310e+009	4.500000e+001	4.100000e+001	3.200000e+001	2.200000e+001	3.200000e+001	2.200000e+001	3.103785e+008	3.103786e+008	2.077073e+007	1.036817e+004	2.000000e+000	2.400000e+001	3.355443e+009
2.077191e+007	1.654560e+004	2.077191e+007	1.270820e+004	155957	3.814702e+009	3.920735e+009	4.500000e+001	4.100000e+001	3.200000e+001	2.200000e+001	3.200000e+001	2.200000e+001	3.355444e+008	3.355444e+008	2.077191e+007	1.654560e+004	2.000000e+000	2.400000e+001	3.355443e+009
2.077444e+007	2.981599e+004	2.077444e+007	2.304876e+004	155958	3.909620e+009	3.994697e+009	4.500000e+001	4.100000e+001	3.200000e+001	2.200000e+001	3.200000e+001	2.200000e+001	3.774874e+008	3.690988e+008	2.077444e+007	2.981598e+004	2.000000e+000	2.400000e+001	3.355443e+009
2.077782e+007	4.757980e+004	2.077782e+007	3.689069e+004	155959	3.996746e+009	4.062587e+009	4.500000e+001	4.100000e+001	3.200000e+001	2.200000e+001	3.200000e+001	2.200000e+001	4.110418e+008	4.026532e+008	2.077782e+007	4.757980e+004	2.000000e+000	2.400000e+001	3.355443e+009
2.078166e+007	6.776750e+004	2.078166e+007	5.262137e+004	155960	4.074107e+009	4.122868e+009	4.500000e+001	4.100000e+001	3.200000e+001	2.200000e+001	3.200000e+001	2.200000e+001	4.362076e+008	4.362076e+008	2.078166e+007	6.776750e+004	2.000000e+000	2.400000e+001	3.355443e+009
2.078566e+007	8.878727e+004	2.078566e+007	6.900041e+004	155961	4.140769e+009	4.174813e+009	4.500000e+001	4.100000e+001	3.200000e+001	2.200000e+001	3.200000e+001	2.200000e+001	4.697621e+008	4.781508e+008	2.078566e+007	8.878727e+004	2.000000e+000	2.400000e+001	3.355443e+009
2.078959e+007	1.094638e+005	2.078959e+007	8.511202e+004	155962	4.196568e+009	4.218293e+009	4.500000e+001	4.100000e+001	3.200000e+001	2.200000e+001	3.200000e+001	2.200000e+001	5.117051e+008	5.117052e+008	2.078959e+007	1.094638e+005	2.000000e+000	2.400000e+001	3.355443e+009
2.079331e+007	1.289772e+005	2.079330e+007	1.003173e+005	155963	4.241928e+009	4.253638e+009	4.500000e+001	4.100000e+001	3.200000e+001	2.200000e+001	3.200000e+001	2.200000e+001	5.368710e+008	5.452596e+008	2.079331e+007	1.289772e+005	2.000000e+000	2.400000e+001	3.355443e+009
2.079670e+007	1.467989e+005	2.079670e+007	1.142043e+005	155964	4.277649e+009	4.281472e+009	4.500000e+001	4.100000e+001	3.200000e+001	2.200000e+001	3.200000e+001	2.200000e+001	5.704254e+008	5.788140e+008	2.079670e+007	1.467989e+005	2.000000e+000	2.400000e+001	3.355443e+009
2.079971e+007	1.626351e+005	2.079971e+007	1.265442e+005	155965	9.811217e+006	7.645178e+006	4.500000e+001	4.100000e+001	3.200000e+001	2.200000e+001	3.200000e+001	2.200000e+001	6.039798e+008	6.039798e+008	2.079971e+007	1.626351e+005	2.000000e+000	2.400000e+001	3.355443e+009
2.080233e+007	1.763717e+005	2.080233e+007	1.372480e+005	155966	2.949786e+007	2.298537e+007	4.500000e+001	4.100000e+001	3.200000e+001	2.200000e+001	3.200000e+001	2.200000e+001	6.459228e+008	6.375343e+008	2.080232e+007	1.763717e+005	2.000000e+000	2.400000e+001	3.355443e+009
2.080455e+007	1.880296e+005	2.080454e+007	1.463321e+005	155967	4.291565e+007	3.344072e+007	4.500000e+001	4.100000e+001	3.200000e+001	2.200000e+001	3.200000e+001	2.200000e+001	6.710888e+008	6.794773e+008	2.080454e+007	1.880296e+005	2.000000e+000	2.400000e+001	3.355443e+009
2.080639e+007	1.977247e+005	2.080639e+007	1.538867e+005	155968	5.123590e+007	3.992422e+007	4.500000e+001	4.100000e+001	3.200000e+001	2.200000e+001	3.200000e+001	2.200000e+001	7.046432e+008	7.130317e+008	2.080639e+007	1.977247e+005	2.000000e+000	2.400000e+001	3.355443e+009
2.080790e+007	2.056346e+005	2.080789e+007	1.600503e+005	155969	5.551576e+007	4.325905e+007	4.600000e+001	4.100000e+001	3.200000e+001	2.200000e+001	3.200000e+001	2.200000e+001	7.381975e+008	7.381975e+008	2.080789e+007	2.056346e+005	2.000000e+000	2.400000e+001	3.355443e+009
2.080910e+007	2.119720e+005	2.080910e+007	1.649885e+005	155970	5.670956e+007	4.418918e+007	4.500000e+001	4.100000e+001	3.200000e+001	2.200000e+001	3.200000e+001	2.200000e+001	7.717520e+008	7.801406e+008	2.080910e+007	2.119720e+005	2.000000e+000	2.400000e+001	3.355443e+009
