2.216817e+007	-1.463446e+006	2.216816e+007	-1.093617e+006	155948	3.801086e+009	3.910125e+009	4.500000e+001	3.900000e+001	3.200000e+001	2.200000e+001	3.200000e+001	2.200000e+001	3.355455e+007	3.355454e+007	2.216816e+007	-1.463446e+006	2.000000e+000	2.400000e+001	3.363832e+009
2.212873e+007	-1.670704e+006	2.212872e+007	-1.255116e+006	155949	3.557959e+009	3.720675e+009	4.500000e+001	3.900000e+001	3.200000e+001	2.200000e+001	3.200000e+001	2.200000e+001	7.549750e+007	6.710887e+007	2.212872e+007	-1.670704e+006	2.000000e+000	2.400000e+001	3.363832e+009
2.209754e+007	-1.834605e+006	2.209753e+007	-1.382831e+006	155950	3.419363e+009	3.612679e+009	4.500000e+001	3.900000e+001	3.200000e+001	2.200000e+001	3.200000e+001	2.200000e+001	1.006633e+008	1.006633e+008	2.209753e+007	-1.834605e+006	2.000000e+000	2.400000e+001	3.363832e+009
2.207372e+007	-1.959767e+006	2.207372e+007	-1.480360e+006	155951	3.362007e+009	3.567985e+009	4.500000e+001	3.900000e+001	3.200000e+001	2.200000e+001	3.200000e+001	2.200000e+001	1.342178e+008	1.342177e+008	2.207371e+007	-1.959767e+006	2.000000e+000	2.400000e+001	3.363832e+009
2.205629e+007	-2.051364e+006	2.205629e+007	-1.551734e+006	155952	3.365307e+009	3.570557e+009	4.500000e+001	3.900000e+001	3.200000e+001	2.200000e+001	3.200000e+001	2.200000e+001	1.761608e+008	1.677723e+008	2.205628e+007	-2.051364e+006	2.000000e+000	2.400000e+001	3.363832e+009
2.204423e+007	-2.114707e+006	2.204423e+007	-1.601092e+006	155953	3.411671e+009	3.606684e+009	4.500000e+001	3.900000e+001	3.200000e+001	2.200000e+001	3.200000e+001	2.200000e+001	2.097154e+008	2.097152e+008	2.204423e+007	-2.114707e+006	2.000000e+000	2.400000e+001	3.363832e+009
2.203658e+007	-2.154952e+006	2.203657e+007	-1.632452e+006	155954	3.486466e+009	3.664966e+009	4.400000e+001	3.900000e+001	3.200000e+001	2.200000e+001	3.200000e+001	2.200000e+001	2.432696e+008	2.432698e+008	2.203657e+007	-2.154952e+006	2.000000e+000	2.400000e+001	3.363832e+009
2.203240e+007	-2.176892e+006	2.203240e+007	-1.649549e+006	155955	3.577893e+009	3.736208e+009	4.400000e+001	3.900000e+001	3.200000e+001	2.200000e+001	3.200000e+001	2.200000e+001	2.684357e+008	2.768241e+008	2.203240e+007	-2.176892e+006	2.000000e+000	2.400000e+001	3.363832e+009
2.203089e+007	-2.184831e+006	2.203089e+007	-1.655734e+006	155956	3.676770e+009	3.813256e+009	4.400000e+001	3.900000e+001	3.200000e+001	2.200000e+001	3.200000e+001	2.200000e+001	3.019900e+008	3.019901e+008	2.203089e+007	-2.184831e+006	2.000000e+000	2.400000e+001	3.363832e+009
2.203133e+007	-2.182511e+006	2.203133e+007	-1.653927e+006	155957	3.776126e+009	3.890675e+009	4.400000e+001	3.900000e+001	3.200000e+001	2.200000e+001	3.200000e+001	2.200000e+001	3.355445e+008	3.439331e+008	2.203133e+007	-2.182511e+006	2.000000e+000	2.400000e+001	3.363832e+009
2.203312e+007	-2.173099e+006	2.203312e+007	-1.646593e+006	155958	3.871027e+009	3.964624e+009	4.400000e+001	3.900000e+001	3.200000e+001	2.200000e+001	3.200000e+001	2.200000e+001	3.774875e+008	3.774874e+008	2.203312e+007	-2.173099e+006	2.000000e+000	2.400000e+001	3.355443e+009
2.203577e+007	-2.159193e+006	2.203576e+007	-1.635757e+006	155959	3.958154e+009	4.032515e+009	4.400000e+001	3.900000e+001	3.200000e+001	2.200000e+001	3.200000e+001	2.200000e+001	4.110420e+008	4.110419e+008	2.203576e+007	-2.159193e+006	2.000000e+000	2.400000e+001	3.363832e+009
2.203888e+007	-2.142865e+006	2.203887e+007	-1.623033e+006	155960	4.035524e+009	4.092804e+009	4.400000e+001	3.900000e+001	3.200000e+001	2.200000e+001	3.200000e+001	2.200000e+001	4.362077e+008	4.362076e+008	2.203887e+007	-2.142865e+006	2.000000e+000	2.400000e+001	3.363832e+009
2.204214e+007	-2.125704e+006	2.204214e+007	-1.609662e+006	155961	4.102175e+009	4.144740e+009	4.400000e+001	3.900000e+001	3.200000e+001	2.200000e+001	3.200000e+001	2.200000e+001	4.697622e+008	4.781507e+008	2.204214e+007	-2.125704e+006	2.000000e+000	2.400000e+001	3.363832e+009
2.204534e+007	-2.108887e+006	2.204534e+007	-1.596558e+006	155962	4.157971e+009	4.188216e+009	4.400000e+001	3.900000e+001	3.200000e+001	2.200000e+001	3.200000e+001	2.200000e+001	5.117052e+008	5.033165e+008	2.204534e+007	-2.108887e+006	2.000000e+000	2.400000e+001	3.363832e+009
2.204832e+007	-2.093234e+006	2.204832e+007	-1.584360e+006	155963	4.203314e+009	4.223549e+009	4.400000e+001	3.900000e+001	3.200000e+001	2.200000e+001	3.200000e+001	2.200000e+001	5.452595e+008	5.452596e+008	2.204832e+007	-2.093234e+006	2.000000e+000	2.400000e+001	3.363832e+009
2.205098e+007	-2.079273e+006	2.205097e+007	-1.573481e+006	155964	4.239051e+009	4.251396e+009	4.400000e+001	3.900000e+001	3.200000e+001	2.200000e+001	3.200000e+001	2.200000e+001	5.788140e+008	5.704254e+008	2.205097e+007	-2.079273e+006	2.000000e+000	2.400000e+001	3.363832e+009
2.205326e+007	-2.067297e+006	2.205325e+007	-1.564150e+006	155965	4.266163e+009	4.272523e+009	4.400000e+001	3.900000e+001	3.200000e+001	2.200000e+001	3.200000e+001	2.200000e+001	6.123684e+008	6.039798e+008	2.205325e+007	-2.067297e+006	2.000000e+000	2.400000e+001	3.363832e+009
2.205514e+007	-2.057422e+006	2.205513e+007	-1.556455e+006	155966	4.285848e+009	4.287861e+009	4.400000e+001	3.900000e+001	3.200000e+001	2.200000e+001	3.200000e+001	2.200000e+001	6.459229e+008	6.459228e+008	2.205513e+007	-2.057422e+006	2.000000e+000	2.400000e+001	3.363832e+009
2.205662e+007	-2.049626e+006	2.205661e+007	-1.550380e+006	155967	4.297826e+006	3.349104e+006	4.400000e+001	3.900000e+001	3.200000e+001	2.200000e+001	3.200000e+001	2.200000e+001	6.794773e+008	6.794774e+008	2.205661e+007	-2.049626e+006	2.000000e+000	2.400000e+001	3.363832e+009
2.205773e+007	-2.043793e+006	2.205773e+007	-1.545834e+006	155968	1.261739e+007	9.831728e+006	4.400000e+001	3.900000e+001	3.200000e+001	2.200000e+001	3.200000e+001	2.200000e+001	7.046431e+008	7.130317e+008	2.205772e+007	-2.043793e+006	2.000000e+000	2.400000e+001	3.363832e+009
2.205850e+007	-2.039745e+006	2.205850e+007	-1.542681e+006	155969	1.688924e+007	1.316061e+007	4.400000e+001	3.900000e+001	3.200000e+001	2.200000e+001	3.200000e+001	2.200000e+001	7.465861e+008	7.465862e+008	2.205849e+007	-2.039745e+006	2.000000e+000	2.400000e+001	3.363832e+009
2.205897e+007	-2.037270e+006	2.205896e+007	-1.540752e+006	155970	1.807187e+007	1.408170e+007	4.400000e+001	3.900000e+001	3.200000e+001	2.200000e+001	3.200000e+001	2.200000e+001	7.717521e+008	7.801408e+008	2.205897e+007	-2.037270e+006	2.000000e+000	2.400000e+001	3.363832e+009
