2.111839e+007 -4.056898e+004 2.111839e+007 -4.882043e+004 401170
2.111408e+007 -6.323918e+004 2.111408e+007 -6.648552e+004 401171
2.111107e+007 -7.905105e+004 2.111107e+007 -7.880646e+004 401172
2.110915e+007 -8.912922e+004 2.110915e+007 -8.665958e+004 401173
2.110812e+007 -9.455245e+004 2.110812e+007 -9.088547e+004 401174
2.110798e+007 -9.530480e+004 2.110798e+007 -9.147172e+004 401176
2.110855e+007 -9.228578e+004 2.110855e+007 -8.911924e+004 401177
2.110939e+007 -8.790138e+004 2.110938e+007 -8.570282e+004 401178
2.111038e+007 -8.267733e+004 2.111038e+007 -8.163214e+004 401179
2.111146e+007 -7.702657e+004 2.111145e+007 -7.722894e+004 401180
2.111255e+007 -7.126554e+004 2.111255e+007 -7.273983e+004 401181
2.111363e+007 -6.562412e+004 2.111362e+007 -6.834392e+004 401182
2.111465e+007 -6.026110e+004 2.111464e+007 -6.416495e+004 401183
2.111646e+007 -5.072128e+004 2.111646e+007 -5.673133e+004 401185
2.111724e+007 -4.661344e+004 2.111724e+007 -5.353042e+004 401186
2.111794e+007 -4.294202e+004 2.111794e+007 -5.066957e+004 401187
2.111856e+007 -3.967929e+004 2.111856e+007 -4.812718e+004 401188
2.111911e+007 -3.678559e+004 2.111911e+007 -4.587235e+004 401189
2.111960e+007 -3.421377e+004 2.111960e+007 -4.386834e+004 401190
2.112004e+007 -3.191557e+004 2.112004e+007 -4.207754e+004 401191
2.112043e+007 -2.984347e+004 2.112043e+007 -4.046292e+004 401192
2.112079e+007 -2.795182e+004 2.112079e+007 -3.898890e+004 401193
2.112113e+007 -2.619974e+004 2.112113e+007 -3.762365e+004 401194
2.112144e+007 -2.455186e+004 2.112144e+007 -3.633959e+004 401195
2.112174e+007 -2.297645e+004 2.112174e+007 -3.511200e+004 401196
2.112203e+007 -2.144812e+004 2.112203e+007 -3.392109e+004 401197
2.112260e+007 -1.845696e+004 2.112260e+007 -3.159032e+004 401199
2.112288e+007 -1.696734e+004 2.112288e+007 -3.042958e+004 401200
2.112317e+007 -1.547138e+004 2.112317e+007 -2.926392e+004 401201
2.112844e+007 1.223940e+004 2.112844e+007 -7.671037e+003 401218
2.112876e+007 1.391911e+004 2.112876e+007 -6.362174e+003 401219
2.112908e+007 1.559757e+004 2.112908e+007 -5.054275e+003 401220
2.112940e+007 1.727681e+004 2.112940e+007 -3.745775e+003 401221
2.112972e+007 1.896013e+004 2.112972e+007 -2.434084e+003 401222
2.113004e+007 2.064554e+004 2.113004e+007 -1.120765e+003 401223
2.113036e+007 2.232864e+004 2.113036e+007 1.907495e+002 401224
2.113068e+007 2.401076e+004 2.113068e+007 1.501496e+003 401225
2.113100e+007 2.569207e+004 2.113100e+007 2.811610e+003 401226
2.113132e+007 2.737346e+004 2.113132e+007 4.121787e+003 401227
2.113164e+007 2.905457e+004 2.113164e+007 5.431755e+003 401228
2.113196e+007 3.073523e+004 2.113196e+007 6.741359e+003 401229
2.113228e+007 3.241545e+004 2.113228e+007 8.050627e+003 401230
2.113260e+007 3.409534e+004 2.113260e+007 9.359630e+003 401231
2.113292e+007 3.577396e+004 2.113292e+007 1.066765e+004 401232
2.113324e+007 3.745161e+004 2.113324e+007 1.197491e+004 401233
2.113356e+007 3.912746e+004 2.113356e+007 1.328076e+004 401234
2.113388e+007 4.080326e+004 2.113388e+007 1.458658e+004 401235
2.113420e+007 4.247973e+004 2.113420e+007 1.589292e+004 401236
2.113452e+007 4.415686e+004 2.113452e+007 1.719978e+004 401237
2.113484e+007 4.583459e+004 2.113484e+007 1.850710e+004 401238
2.113516e+007 4.751228e+004 2.113515e+007 1.981439e+004 401239
2.113548e+007 4.919126e+004 2.113547e+007 2.112268e+004 401240
2.113580e+007 5.087075e+004 2.113579e+007 2.243138e+004 401241
2.113612e+007 5.255113e+004 2.113611e+007 2.374076e+004 401242
2.113643e+007 5.423235e+004 2.113643e+007 2.505080e+004 401243
2.113676e+007 5.591467e+004 2.113675e+007 2.636170e+004 401244
2.113708e+007 5.759831e+004 2.113707e+007 2.767362e+004 401245
2.113740e+007 5.928241e+004 2.113739e+007 2.898590e+004 401246
2.113772e+007 6.096728e+004 2.113772e+007 3.029879e+004 401247
2.113804e+007 6.265226e+004 2.113804e+007 3.161176e+004 401248
2.113836e+007 6.433676e+004 2.113836e+007 3.292435e+004 401249
2.113868e+007 6.602240e+004 2.113868e+007 3.423783e+004 401250
2.113900e+007 6.770922e+004 2.113900e+007 3.555224e+004 401251
2.113932e+007 6.939741e+004 2.113932e+007 3.686770e+004 401252
2.113964e+007 7.108664e+004 2.113964e+007 3.818399e+004 401253
2.113996e+007 7.277575e+004 2.113996e+007 3.950018e+004 401254
2.114029e+007 7.446539e+004 2.114028e+007 4.081677e+004 401255
2.114061e+007 7.615527e+004 2.114061e+007 4.213356e+004 401256
2.114093e+007 7.784502e+004 2.114093e+007 4.345025e+004 401257
2.114125e+007 7.953443e+004 2.114125e+007 4.476667e+004 401258
2.114157e+007 8.122435e+004 2.114157e+007 4.608348e+004 401259
2.114189e+007 8.291469e+004 2.114189e+007 4.740063e+004 401260
2.114221e+007 8.460528e+004 2.114221e+007 4.871797e+004 401261
2.114254e+007 8.629637e+004 2.114254e+007 5.003570e+004 401262
2.114286e+007 8.798807e+004 2.114286e+007 5.135391e+004 401263
2.114318e+007 8.968072e+004 2.114318e+007 5.267286e+004 401264
2.114350e+007 9.137422e+004 2.114350e+007 5.399246e+004 401265
2.114383e+007 9.306803e+004 2.114382e+007 5.531232e+004 401266
2.114415e+007 9.476179e+004 2.114415e+007 5.663212e+004 401267
2.114447e+007 9.645556e+004 2.114447e+007 5.795194e+004 401268
2.114479e+007 9.815018e+004 2.114479e+007 5.927242e+004 401269
2.114512e+007 9.984552e+004 2.114511e+007 6.059347e+004 401270
2.114544e+007 1.015410e+005 2.114544e+007 6.191465e+004 401271
2.114576e+007 1.032368e+005 2.114576e+007 6.323600e+004 401272
2.114608e+007 1.049332e+005 2.114608e+007 6.455793e+004 401273
2.114641e+007 1.066302e+005 2.114640e+007 6.588021e+004 401274
2.114673e+007 1.083272e+005 2.114673e+007 6.720252e+004 401275
2.114705e+007 1.100239e+005 2.114705e+007 6.852464e+004 401276
2.114738e+007 1.117215e+005 2.114737e+007 6.984748e+004 401277
2.114770e+007 1.134192e+005 2.114770e+007 7.117032e+004 401278
2.114802e+007 1.151174e+005 2.114802e+007 7.249362e+004 401279
2.114834e+007 1.168141e+005 2.114834e+007 7.381573e+004 401280
2.114867e+007 1.185051e+005 2.114866e+007 7.513337e+004 401281
2.114899e+007 1.201993e+005 2.114899e+007 7.645355e+004 401282
2.114931e+007 1.218936e+005 2.114931e+007 7.777380e+004 401283
2.114963e+007 1.235879e+005 2.114963e+007 7.909403e+004 401284
2.114996e+007 1.252852e+005 2.114996e+007 8.041665e+004 401285
2.115028e+007 1.269867e+005 2.115028e+007 8.174247e+004 401286
2.115060e+007 1.286845e+005 2.115060e+007 8.306541e+004 401287
2.115092e+007 1.303817e+005 2.115093e+007 8.438789e+004 401288
2.115125e+007 1.320873e+005 2.115124e+007 8.571686e+004 401289
2.115157e+007 1.337867e+005 2.115157e+007 8.704118e+004 401290
2.115190e+007 1.354841e+005 2.115190e+007 8.836378e+004 401291
2.115222e+007 1.371843e+005 2.115222e+007 8.968860e+004 401292
2.115254e+007 1.388884e+005 2.115254e+007 9.101651e+004 401293
2.115287e+007 1.405954e+005 2.115287e+007 9.234660e+004 401294
2.115319e+007 1.423035e+005 2.115319e+007 9.367757e+004 401295
2.115352e+007 1.440113e+005 2.115352e+007 9.500835e+004 401296
2.115384e+007 1.457188e+005 2.115384e+007 9.633887e+004 401297
2.115417e+007 1.474270e+005 2.115417e+007 9.766998e+004 401298
2.115449e+007 1.491354e+005 2.115449e+007 9.900096e+004 401299
2.115482e+007 1.508463e+005 2.115482e+007 1.003340e+005 401300
2.115514e+007 1.525557e+005 2.115514e+007 1.016660e+005 401301
2.115547e+007 1.542667e+005 2.115547e+007 1.029994e+005 401302
2.115580e+007 1.559759e+005 2.115580e+007 1.043313e+005 401303
2.115612e+007 1.576856e+005 2.115612e+007 1.056635e+005 401304
2.115645e+007 1.593954e+005 2.115645e+007 1.069958e+005 401305
2.115677e+007 1.610979e+005 2.115677e+007 1.083223e+005 401306
2.115709e+007 1.628073e+005 2.115710e+007 1.096543e+005 401307
2.115742e+007 1.645164e+005 2.115742e+007 1.109861e+005 401308
2.115774e+007 1.662190e+005 2.115775e+007 1.123129e+005 401309
2.115807e+007 1.679306e+005 2.115807e+007 1.136466e+005 401310
2.115840e+007 1.696355e+005 2.115840e+007 1.149751e+005 401311
2.115872e+007 1.713391e+005 2.115872e+007 1.163026e+005 401312
2.115904e+007 1.730459e+005 2.115904e+007 1.176326e+005 401313
2.115937e+007 1.747542e+005 2.115937e+007 1.189637e+005 401314
2.115970e+007 1.764733e+005 2.115970e+007 1.203032e+005 401315
2.116002e+007 1.781938e+005 2.116002e+007 1.216439e+005 401316
2.116035e+007 1.799142e+005 2.116035e+007 1.229844e+005 401317
2.116068e+007 1.816341e+005 2.116068e+007 1.243246e+005 401318
2.116101e+007 1.833530e+005 2.116101e+007 1.256641e+005 401319
2.116133e+007 1.850710e+005 2.116133e+007 1.270027e+005 401320
2.116166e+007 1.867893e+005 2.116166e+007 1.283417e+005 401321
2.116199e+007 1.885075e+005 2.116199e+007 1.296805e+005 401322
2.116231e+007 1.902254e+005 2.116231e+007 1.310191e+005 401323
2.116264e+007 1.919434e+005 2.116264e+007 1.323578e+005 401324
2.116297e+007 1.936619e+005 2.116297e+007 1.336969e+005 401325
2.116329e+007 1.953804e+005 2.116329e+007 1.350360e+005 401326
2.116362e+007 1.970991e+005 2.116362e+007 1.363753e+005 401327
2.116395e+007 1.988182e+005 2.116395e+007 1.377148e+005 401328
2.116428e+007 2.005371e+005 2.116428e+007 1.390542e+005 401329
2.116460e+007 2.022564e+005 2.116460e+007 1.403940e+005 401330
2.116493e+007 2.039768e+005 2.116493e+007 1.417345e+005 401331
2.116526e+007 2.056974e+005 2.116526e+007 1.430752e+005 401332
2.116558e+007 2.074184e+005 2.116559e+007 1.444163e+005 401333
2.116591e+007 2.091400e+005 2.116591e+007 1.457577e+005 401334
2.116624e+007 2.108613e+005 2.116624e+007 1.470990e+005 401335
2.116657e+007 2.125829e+005 2.116657e+007 1.484405e+005 401336
2.116690e+007 2.143054e+005 2.116690e+007 1.497827e+005 401337
2.116722e+007 2.160284e+005 2.116722e+007 1.511253e+005 401338
2.116755e+007 2.177521e+005 2.116755e+007 1.524685e+005 401339
2.116788e+007 2.194763e+005 2.116788e+007 1.538120e+005 401340
2.116821e+007 2.212005e+005 2.116821e+007 1.551556e+005 401341
2.116854e+007 2.229253e+005 2.116854e+007 1.564996e+005 401342
2.116886e+007 2.246507e+005 2.116886e+007 1.578440e+005 401343
2.116919e+007 2.263765e+005 2.116919e+007 1.591888e+005 401344
2.116952e+007 2.281026e+005 2.116952e+007 1.605338e+005 401345
2.116985e+007 2.298292e+005 2.116985e+007 1.618792e+005 401346
2.117018e+007 2.315567e+005 2.117018e+007 1.632253e+005 401347
2.117051e+007 2.332847e+005 2.117051e+007 1.645718e+005 401348
2.117084e+007 2.350130e+005 2.117084e+007 1.659185e+005 401349
2.117116e+007 2.367415e+005 2.117117e+007 1.672654e+005 401350
2.117149e+007 2.384701e+005 2.117149e+007 1.686124e+005 401351
2.117182e+007 2.401993e+005 2.117182e+007 1.699598e+005 401352
2.117215e+007 2.419286e+005 2.117215e+007 1.713073e+005 401353
2.117248e+007 2.436585e+005 2.117248e+007 1.726552e+005 401354
2.117281e+007 2.453883e+005 2.117281e+007 1.740031e+005 401355
2.117314e+007 2.471181e+005 2.117314e+007 1.753511e+005 401356
2.117347e+007 2.488482e+005 2.117347e+007 1.766992e+005 401357
2.117380e+007 2.505793e+005 2.117380e+007 1.780481e+005 401358
2.117413e+007 2.523111e+005 2.117413e+007 1.793976e+005 401359
2.117446e+007 2.540436e+005 2.117446e+007 1.807476e+005 401360
2.117479e+007 2.557764e+005 2.117479e+007 1.820978e+005 401361
2.117512e+007 2.575091e+005 2.117512e+007 1.834479e+005 401362
2.117545e+007 2.592425e+005 2.117545e+007 1.847986e+005 401363
2.117578e+007 2.609763e+005 2.117578e+007 1.861497e+005 401364
2.117611e+007 2.627108e+005 2.117611e+007 1.875012e+005 401365
2.117644e+007 2.644458e+005 2.117644e+007 1.888531e+005 401366
2.117677e+007 2.661812e+005 2.117677e+007 1.902054e+005 401367
2.117710e+007 2.679171e+005 2.117710e+007 1.915581e+005 401368
2.117743e+007 2.696535e+005 2.117743e+007 1.929111e+005 401369
2.117776e+007 2.713900e+005 2.117776e+007 1.942642e+005 401370
2.117809e+007 2.731267e+005 2.117809e+007 1.956175e+005 401371
2.117842e+007 2.748634e+005 2.117842e+007 1.969708e+005 401372
2.117875e+007 2.766002e+005 2.117875e+007 1.983241e+005 401373
2.117908e+007 2.783375e+005 2.117908e+007 1.996778e+005 401374
2.117941e+007 2.800751e+005 2.117941e+007 2.010318e+005 401375
2.117974e+007 2.818129e+005 2.117974e+007 2.023859e+005 401376
2.118007e+007 2.835510e+005 2.118007e+007 2.037403e+005 401377
2.118040e+007 2.852898e+005 2.118040e+007 2.050952e+005 401378
2.118073e+007 2.870293e+005 2.118074e+007 2.064506e+005 401379
2.118107e+007 2.887692e+005 2.118107e+007 2.078064e+005 401380
2.118140e+007 2.905093e+005 2.118140e+007 2.091624e+005 401381
2.118173e+007 2.922496e+005 2.118173e+007 2.105184e+005 401382
2.118206e+007 2.939907e+005 2.118206e+007 2.118751e+005 401383
2.118239e+007 2.957322e+005 2.118239e+007 2.132321e+005 401384
2.118272e+007 2.974739e+005 2.118272e+007 2.145893e+005 401385
2.118305e+007 2.992159e+005 2.118305e+007 2.159467e+005 401386
2.118339e+007 3.009588e+005 2.118339e+007 2.173048e+005 401387
2.118372e+007 3.027024e+005 2.118372e+007 2.186634e+005 401388
2.118405e+007 3.044459e+005 2.118405e+007 2.200220e+005 401389
2.118438e+007 3.061899e+005 2.118438e+007 2.213810e+005 401390
2.118471e+007 3.079346e+005 2.118471e+007 2.227405e+005 401391
2.118504e+007 3.096796e+005 2.118505e+007 2.241002e+005 401392
2.118538e+007 3.114250e+005 2.118538e+007 2.254603e+005 401393
2.118571e+007 3.131711e+005 2.118571e+007 2.268209e+005 401394
2.118604e+007 3.149175e+005 2.118604e+007 2.281817e+005 401395
2.118637e+007 3.166641e+005 2.118637e+007 2.295427e+005 401396
2.118671e+007 3.184112e+005 2.118671e+007 2.309040e+005 401397
2.118704e+007 3.201589e+005 2.118704e+007 2.322659e+005 401398
2.118737e+007 3.219068e+005 2.118737e+007 2.336280e+005 401399
2.118770e+007 3.236551e+005 2.118770e+007 2.349902e+005 401400
2.118804e+007 3.254036e+005 2.118804e+007 2.363527e+005 401401
2.118837e+007 3.271528e+005 2.118837e+007 2.377157e+005 401402
2.118870e+007 3.289023e+005 2.118870e+007 2.390790e+005 401403
2.118904e+007 3.306523e+005 2.118904e+007 2.404426e+005 401404
2.118937e+007 3.324025e+005 2.118937e+007 2.418064e+005 401405
2.118970e+007 3.341531e+005 2.118970e+007 2.431705e+005 401406
2.119003e+007 3.359041e+005 2.119004e+007 2.445349e+005 401407
2.119070e+007 3.394075e+005 2.119070e+007 2.472648e+005 401409
2.119104e+007 3.411601e+005 2.119104e+007 2.486305e+005 401410
2.119137e+007 3.429129e+005 2.119137e+007 2.499963e+005 401411
2.119170e+007 3.446662e+005 2.119170e+007 2.513625e+005 401412
2.119204e+007 3.464202e+005 2.119204e+007 2.527293e+005 401413
2.119237e+007 3.481745e+005 2.119237e+007 2.540962e+005 401414
2.119270e+007 3.499286e+005 2.119270e+007 2.554630e+005 401415
2.119304e+007 3.516835e+005 2.119304e+007 2.568305e+005 401416
2.119337e+007 3.534388e+005 2.119337e+007 2.581983e+005 401417
2.119371e+007 3.551944e+005 2.119371e+007 2.595663e+005 401418
2.119404e+007 3.569506e+005 2.119404e+007 2.609347e+005 401419
2.119437e+007 3.587073e+005 2.119437e+007 2.623036e+005 401420
2.119471e+007 3.604642e+005 2.119471e+007 2.636726e+005 401421
2.119504e+007 3.622213e+005 2.119504e+007 2.650417e+005 401422
2.119538e+007 3.639787e+005 2.119538e+007 2.664112e+005 401423
2.119571e+007 3.657364e+005 2.119571e+007 2.677808e+005 401424
2.119605e+007 3.674946e+005 2.119605e+007 2.691508e+005 401425
2.119638e+007 3.692531e+005 2.119638e+007 2.705211e+005 401426
2.119672e+007 3.710125e+005 2.119672e+007 2.718920e+005 401427
2.119705e+007 3.727721e+005 2.119705e+007 2.732631e+005 401428
2.119739e+007 3.745320e+005 2.119739e+007 2.746345e+005 401429
2.119772e+007 3.762928e+005 2.119772e+007 2.760065e+005 401430
2.119806e+007 3.780541e+005 2.119806e+007 2.773790e+005 401431
2.119873e+007 3.815772e+005 2.119873e+007 2.801242e+005 401433
2.119906e+007 3.833390e+005 2.119906e+007 2.814971e+005 401434
2.119940e+007 3.851014e+005 2.119940e+007 2.828704e+005 401435
2.120007e+007 3.886279e+005 2.120007e+007 2.856183e+005 401437
2.120040e+007 3.903915e+005 2.120040e+007 2.869925e+005 401438
2.120074e+007 3.921557e+005 2.120074e+007 2.883673e+005 401439
2.120108e+007 3.939205e+005 2.120108e+007 2.897424e+005 401440
2.120141e+007 3.956857e+005 2.120141e+007 2.911179e+005 401441
2.120175e+007 3.974509e+005 2.120175e+007 2.924934e+005 401442
2.120208e+007 3.992165e+005 2.120208e+007 2.938691e+005 401443
2.120242e+007 4.009827e+005 2.120242e+007 2.952454e+005 401444
2.120276e+007 4.027492e+005 2.120276e+007 2.966219e+005 401445
2.120343e+007 4.062842e+005 2.120343e+007 2.993764e+005 401447
2.120376e+007 4.080525e+005 2.120377e+007 3.007543e+005 401448
2.120410e+007 4.098212e+005 2.120410e+007 3.021325e+005 401449
2.120444e+007 4.115902e+005 2.120444e+007 3.035110e+005 401450
2.120477e+007 4.133593e+005 2.120477e+007 3.048895e+005 401451
2.120511e+007 4.151284e+005 2.120511e+007 3.062680e+005 401452
2.120578e+007 4.186685e+005 2.120579e+007 3.090266e+005 401454
2.120612e+007 4.204394e+005 2.120612e+007 3.104064e+005 401455
2.120646e+007 4.222107e+005 2.120646e+007 3.117867e+005 401456
2.120713e+007 4.257546e+005 2.120713e+007 3.145482e+005 401458
2.120747e+007 4.275268e+005 2.120747e+007 3.159291e+005 401459
2.120781e+007 4.292995e+005 2.120781e+007 3.173104e+005 401460
2.120815e+007 4.310724e+005 2.120815e+007 3.186919e+005 401461
2.120848e+007 4.328456e+005 2.120848e+007 3.200737e+005 401462
2.120882e+007 4.346192e+005 2.120882e+007 3.214556e+005 401463
2.120916e+007 4.363933e+005 2.120916e+007 3.228381e+005 401464
2.120950e+007 4.381682e+005 2.120950e+007 3.242211e+005 401465
2.120983e+007 4.399438e+005 2.120983e+007 3.256047e+005 401466
2.121017e+007 4.417193e+005 2.121017e+007 3.269882e+005 401467
2.121051e+007 4.434953e+005 2.121051e+007 3.283720e+005 401468
2.121085e+007 4.452718e+005 2.121085e+007 3.297564e+005 401469
2.121119e+007 4.470480e+005 2.121119e+007 3.311404e+005 401470
2.121152e+007 4.488243e+005 2.121152e+007 3.325245e+005 401471
2.121186e+007 4.506021e+005 2.121186e+007 3.339098e+005 401472
2.121254e+007 4.541601e+005 2.121254e+007 3.366823e+005 401474
2.121288e+007 4.559398e+005 2.121288e+007 3.380690e+005 401475
2.121322e+007 4.577198e+005 2.121322e+007 3.394561e+005 401476
2.121356e+007 4.594997e+005 2.121355e+007 3.408430e+005 401477
2.121389e+007 4.612797e+005 2.121389e+007 3.422301e+005 401478
2.121423e+007 4.630604e+005 2.121423e+007 3.436176e+005 401479
2.121457e+007 4.648414e+005 2.121457e+007 3.450054e+005 401480
2.121491e+007 4.666228e+005 2.121491e+007 3.463935e+005 401481
2.121525e+007 4.684047e+005 2.121525e+007 3.477820e+005 401482
2.121559e+007 4.701870e+005 2.121559e+007 3.491708e+005 401483
2.121627e+007 4.737526e+005 2.121627e+007 3.519492e+005 401485
2.121661e+007 4.755359e+005 2.121661e+007 3.533388e+005 401486
2.121695e+007 4.773198e+005 2.121695e+007 3.547288e+005 401487
2.121729e+007 4.791038e+005 2.121729e+007 3.561189e+005 401488
2.121796e+007 4.826727e+005 2.121796e+007 3.588999e+005 401490
2.121830e+007 4.844590e+005 2.121830e+007 3.602918e+005 401491
2.121864e+007 4.862448e+005 2.121864e+007 3.616834e+005 401492
2.121898e+007 4.880312e+005 2.121898e+007 3.630753e+005 401493
2.121966e+007 4.916049e+005 2.121966e+007 3.658601e+005 401495
2.122000e+007 4.933922e+005 2.122000e+007 3.672527e+005 401496
2.122034e+007 4.951799e+005 2.122034e+007 3.686458e+005 401497
2.122069e+007 4.969685e+005 2.122068e+007 3.700394e+005 401498
2.122103e+007 4.987575e+005 2.122103e+007 3.714335e+005 401499
2.122171e+007 5.023361e+005 2.122171e+007 3.742220e+005 401501
2.122205e+007 5.041261e+005 2.122205e+007 3.756168e+005 401502
2.122239e+007 5.059166e+005 2.122239e+007 3.770120e+005 401503
2.122273e+007 5.077072e+005 2.122273e+007 3.784073e+005 401504
2.122307e+007 5.094987e+005 2.122307e+007 3.798032e+005 401505
2.122341e+007 5.112906e+005 2.122341e+007 3.811995e+005 401506
2.122375e+007 5.130826e+005 2.122375e+007 3.825959e+005 401507
2.122409e+007 5.148755e+005 2.122409e+007 3.839929e+005 401508
2.122443e+007 5.166686e+005 2.122443e+007 3.853902e+005 401509
2.122478e+007 5.184616e+005 2.122477e+007 3.867873e+005 401510
2.122512e+007 5.202550e+005 2.122512e+007 3.881848e+005 401511
2.122546e+007 5.220491e+005 2.122546e+007 3.895828e+005 401512
2.122580e+007 5.238440e+005 2.122580e+007 3.909814e+005 401513
2.122648e+007 5.274343e+005 2.122648e+007 3.937790e+005 401515
2.122682e+007 5.292296e+005 2.122682e+007 3.951779e+005 401516
2.122717e+007 5.310256e+005 2.122717e+007 3.965774e+005 401517
2.122751e+007 5.328220e+005 2.122751e+007 3.979772e+005 401518
2.122785e+007 5.346188e+005 2.122785e+007 3.993773e+005 401519
2.122819e+007 5.364165e+005 2.122819e+007 4.007781e+005 401520
2.122853e+007 5.382145e+005 2.122853e+007 4.021791e+005 401521
2.122888e+007 5.400129e+005 2.122888e+007 4.035805e+005 401522
2.122922e+007 5.418117e+005 2.122922e+007 4.049822e+005 401523
2.122956e+007 5.436106e+005 2.122956e+007 4.063839e+005 401524
2.122990e+007 5.454094e+005 2.122990e+007 4.077855e+005 401525
2.123025e+007 5.472087e+005 2.123025e+007 4.091876e+005 401526
2.123059e+007 5.490084e+005 2.123059e+007 4.105899e+005 401527
2.123093e+007 5.508085e+005 2.123093e+007 4.119927e+005 401528
2.123127e+007 5.526093e+005 2.123127e+007 4.133959e+005 401529
2.123162e+007 5.544106e+005 2.123162e+007 4.147995e+005 401530
2.123196e+007 5.562125e+005 2.123196e+007 4.162035e+005 401531
2.123230e+007 5.580148e+005 2.123230e+007 4.176079e+005 401532
2.123265e+007 5.598174e+005 2.123264e+007 4.190126e+005 401533
2.123299e+007 5.616205e+005 2.123299e+007 4.204176e+005 401534
2.123333e+007 5.634240e+005 2.123333e+007 4.218229e+005 401535
2.123367e+007 5.652278e+005 2.123367e+007 4.232284e+005 401536
2.123402e+007 5.670322e+005 2.123402e+007 4.246345e+005 401537
2.123436e+007 5.688375e+005 2.123436e+007 4.260412e+005 401538
2.123471e+007 5.706428e+005 2.123470e+007 4.274480e+005 401539
2.123505e+007 5.724484e+005 2.123505e+007 4.288549e+005 401540
2.123574e+007 5.760601e+005 2.123574e+007 4.316692e+005 401542
2.123608e+007 5.778664e+005 2.123608e+007 4.330767e+005 401543
2.123642e+007 5.796734e+005 2.123642e+007 4.344848e+005 401544
2.123677e+007 5.814809e+005 2.123677e+007 4.358932e+005 401545
2.123711e+007 5.832889e+005 2.123711e+007 4.373020e+005 401546
2.123746e+007 5.850975e+005 2.123746e+007 4.387113e+005 401547
2.123780e+007 5.869065e+005 2.123780e+007 4.401209e+005 401548
2.123814e+007 5.887157e+005 2.123814e+007 4.415307e+005 401549
2.123883e+007 5.923349e+005 2.123883e+007 4.443509e+005 401551
2.123918e+007 5.941446e+005 2.123918e+007 4.457610e+005 401552
2.123952e+007 5.959550e+005 2.123952e+007 4.471717e+005 401553
2.123987e+007 5.977663e+005 2.123987e+007 4.485831e+005 401554
2.124056e+007 6.013905e+005 2.124056e+007 4.514072e+005 401556
2.124090e+007 6.032029e+005 2.124090e+007 4.528194e+005 401557
2.124125e+007 6.050158e+005 2.124125e+007 4.542321e+005 401558
2.124194e+007 6.086427e+005 2.124194e+007 4.570582e+005 401560
2.124228e+007 6.104567e+005 2.124228e+007 4.584717e+005 401561
2.124263e+007 6.122714e+005 2.124263e+007 4.598857e+005 401562
2.124297e+007 6.140865e+005 2.124297e+007 4.613001e+005 401563
2.124332e+007 6.159019e+005 2.124332e+007 4.627147e+005 401564
2.124366e+007 6.177174e+005 2.124366e+007 4.641294e+005 401565
2.124401e+007 6.195335e+005 2.124401e+007 4.655446e+005 401566
2.124435e+007 6.213498e+005 2.124435e+007 4.669598e+005 401567
2.124470e+007 6.231662e+005 2.124470e+007 4.683752e+005 401568
2.124505e+007 6.249829e+005 2.124505e+007 4.697908e+005 401569
2.124539e+007 6.268003e+005 2.124539e+007 4.712069e+005 401570
2.124574e+007 6.286183e+005 2.124574e+007 4.726236e+005 401571
2.124643e+007 6.322557e+005 2.124643e+007 4.754579e+005 401573
2.124678e+007 6.340750e+005 2.124678e+007 4.768756e+005 401574
2.124712e+007 6.358945e+005 2.124712e+007 4.782934e+005 401575
2.124747e+007 6.377147e+005 2.124747e+007 4.797117e+005 401576
2.124782e+007 6.395355e+005 2.124781e+007 4.811305e+005 401577
2.124816e+007 6.413559e+005 2.124816e+007 4.825490e+005 401578
2.124851e+007 6.431769e+005 2.124851e+007 4.839680e+005 401579
2.124886e+007 6.449988e+005 2.124885e+007 4.853876e+005 401580
2.124920e+007 6.468208e+005 2.124920e+007 4.868073e+005 401581
2.124955e+007 6.486434e+005 2.124955e+007 4.882275e+005 401582
2.124990e+007 6.504668e+005 2.124989e+007 4.896484e+005 401583
2.125024e+007 6.522909e+005 2.125024e+007 4.910698e+005 401584
2.125059e+007 6.541152e+005 2.125059e+007 4.924913e+005 401585
2.125094e+007 6.559398e+005 2.125094e+007 4.939130e+005 401586
2.125163e+007 6.595896e+005 2.125163e+007 4.967571e+005 401588
2.125198e+007 6.614150e+005 2.125198e+007 4.981794e+005 401589
2.125233e+007 6.632407e+005 2.125233e+007 4.996020e+005 401590
2.125267e+007 6.650668e+005 2.125267e+007 5.010250e+005 401591
2.125302e+007 6.668931e+005 2.125302e+007 5.024481e+005 401592
2.125372e+007 6.705468e+005 2.125372e+007 5.052952e+005 401594
2.125406e+007 6.723745e+005 2.125406e+007 5.067193e+005 401595
2.125476e+007 6.760307e+005 2.125476e+007 5.095683e+005 401597
2.125511e+007 6.778595e+005 2.125511e+007 5.109934e+005 401598
2.125546e+007 6.796887e+005 2.125546e+007 5.124187e+005 401599
2.125580e+007 6.815186e+005 2.125580e+007 5.138446e+005 401600
2.125615e+007 6.833494e+005 2.125615e+007 5.152712e+005 401601
2.125650e+007 6.851805e+005 2.125650e+007 5.166980e+005 401602
2.125685e+007 6.870118e+005 2.125685e+007 5.181250e+005 401603
2.125720e+007 6.888431e+005 2.125720e+007 5.195520e+005 401604
2.125790e+007 6.925068e+005 2.125789e+007 5.224068e+005 401606
2.125824e+007 6.943394e+005 2.125824e+007 5.238348e+005 401607
2.125859e+007 6.961728e+005 2.125859e+007 5.252634e+005 401608
2.125894e+007 6.980065e+005 2.125894e+007 5.266923e+005 401609
2.125929e+007 6.998402e+005 2.125929e+007 5.281211e+005 401610
2.125964e+007 7.016740e+005 2.125964e+007 5.295501e+005 401611
2.125999e+007 7.035084e+005 2.125999e+007 5.309795e+005 401612
2.126034e+007 7.053433e+005 2.126034e+007 5.324093e+005 401613
2.126069e+007 7.071786e+005 2.126069e+007 5.338394e+005 401614
2.126104e+007 7.090146e+005 2.126104e+007 5.352700e+005 401615
2.126139e+007 7.108510e+005 2.126139e+007 5.367010e+005 401616
2.126174e+007 7.126875e+005 2.126173e+007 5.381320e+005 401617
2.126209e+007 7.145246e+005 2.126208e+007 5.395635e+005 401618
2.126278e+007 7.182006e+005 2.126278e+007 5.424280e+005 401620
2.126313e+007 7.200391e+005 2.126313e+007 5.438605e+005 401621
2.126348e+007 7.218775e+005 2.126348e+007 5.452930e+005 401622
2.126383e+007 7.237163e+005 2.126383e+007 5.467259e+005 401623
2.126418e+007 7.255557e+005 2.126418e+007 5.481592e+005 401624
2.126453e+007 7.273957e+005 2.126453e+007 5.495930e+005 401625
2.126488e+007 7.292362e+005 2.126488e+007 5.510271e+005 401626
2.126524e+007 7.310773e+005 2.126523e+007 5.524617e+005 401627
2.126559e+007 7.329184e+005 2.126558e+007 5.538964e+005 401628
2.126594e+007 7.347598e+005 2.126594e+007 5.553312e+005 401629
2.126629e+007 7.366019e+005 2.126629e+007 5.567666e+005 401630
2.126664e+007 7.384444e+005 2.126664e+007 5.582023e+005 401631
2.126699e+007 7.402869e+005 2.126699e+007 5.596381e+005 401632
2.126734e+007 7.421300e+005 2.126734e+007 5.610742e+005 401633
2.126769e+007 7.439737e+005 2.126769e+007 5.625109e+005 401634
2.126839e+007 7.476625e+005 2.126839e+007 5.653853e+005 401636
2.126874e+007 7.495075e+005 2.126874e+007 5.668229e+005 401637
2.126909e+007 7.513523e+005 2.126909e+007 5.682604e+005 401638
2.126944e+007 7.531976e+005 2.126944e+007 5.696983e+005 401639
2.126980e+007 7.550432e+005 2.126980e+007 5.711365e+005 401640
2.127015e+007 7.568895e+005 2.127015e+007 5.725751e+005 401641
2.127050e+007 7.587362e+005 2.127050e+007 5.740141e+005 401642
2.127120e+007 7.624320e+005 2.127120e+007 5.768940e+005 401644
2.127155e+007 7.642806e+005 2.127155e+007 5.783344e+005 401645
2.127191e+007 7.661290e+005 2.127190e+007 5.797748e+005 401646
2.127226e+007 7.679778e+005 2.127226e+007 5.812154e+005 401647
2.127261e+007 7.698271e+005 2.127261e+007 5.826564e+005 401648
2.127296e+007 7.716767e+005 2.127296e+007 5.840976e+005 401649
2.127331e+007 7.735268e+005 2.127331e+007 5.855393e+005 401650
2.127367e+007 7.753776e+005 2.127366e+007 5.869815e+005 401651
2.127402e+007 7.772286e+005 2.127402e+007 5.884238e+005 401652
2.127437e+007 7.790797e+005 2.127437e+007 5.898662e+005 401653
2.127507e+007 7.827837e+005 2.127507e+007 5.927525e+005 401655
2.127578e+007 7.864891e+005 2.127578e+007 5.956398e+005 401657
2.127613e+007 7.883425e+005 2.127613e+007 5.970840e+005 401658
2.127648e+007 7.901963e+005 2.127648e+007 5.985284e+005 401659
2.127684e+007 7.920501e+005 2.127684e+007 5.999730e+005 401660
2.127719e+007 7.939044e+005 2.127719e+007 6.014179e+005 401661
2.127754e+007 7.957595e+005 2.127754e+007 6.028635e+005 401662
2.127825e+007 7.994711e+005 2.127825e+007 6.057556e+005 401664
2.127860e+007 8.013278e+005 2.127860e+007 6.072024e+005 401665
2.127896e+007 8.031849e+005 2.127896e+007 6.086494e+005 401666
2.127931e+007 8.050421e+005 2.127931e+007 6.100966e+005 401667
2.127966e+007 8.068997e+005 2.127966e+007 6.115441e+005 401668
2.128002e+007 8.087574e+005 2.128002e+007 6.129917e+005 401669
2.128037e+007 8.106151e+005 2.128037e+007 6.144392e+005 401670
2.128072e+007 8.124733e+005 2.128072e+007 6.158871e+005 401671
2.128108e+007 8.143322e+005 2.128108e+007 6.173356e+005 401672
2.128143e+007 8.161917e+005 2.128143e+007 6.187846e+005 401673
2.128179e+007 8.180515e+005 2.128179e+007 6.202338e+005 401674
2.128214e+007 8.199115e+005 2.128214e+007 6.216831e+005 401675
2.128249e+007 8.217717e+005 2.128249e+007 6.231327e+005 401676
2.128285e+007 8.236324e+005 2.128285e+007 6.245825e+005 401677
2.128320e+007 8.254936e+005 2.128320e+007 6.260328e+005 401678
2.128356e+007 8.273551e+005 2.128356e+007 6.274834e+005 401679
2.128391e+007 8.292173e+005 2.128391e+007 6.289344e+005 401680
2.128426e+007 8.310798e+005 2.128426e+007 6.303858e+005 401681
2.128462e+007 8.329427e+005 2.128462e+007 6.318374e+005 401682
2.128497e+007 8.348063e+005 2.128497e+007 6.332895e+005 401683
2.128533e+007 8.366707e+005 2.128533e+007 6.347423e+005 401684
2.128568e+007 8.385350e+005 2.128568e+007 6.361950e+005 401685
2.128604e+007 8.403995e+005 2.128604e+007 6.376478e+005 401686
2.128639e+007 8.422651e+005 2.128639e+007 6.391015e+005 401687
2.128675e+007 8.441309e+005 2.128675e+007 6.405554e+005 401688
2.128710e+007 8.459969e+005 2.128710e+007 6.420095e+005 401689
2.128746e+007 8.478637e+005 2.128746e+007 6.434641e+005 401690
2.128781e+007 8.497309e+005 2.128781e+007 6.449191e+005 401691
2.128817e+007 8.515982e+005 2.128817e+007 6.463741e+005 401692
2.128852e+007 8.534659e+005 2.128852e+007 6.478294e+005 401693
2.128888e+007 8.553339e+005 2.128888e+007 6.492850e+005 401694
2.128924e+007 8.572022e+005 2.128924e+007 6.507408e+005 401695
2.128959e+007 8.590705e+005 2.128959e+007 6.521967e+005 401696
2.128995e+007 8.609391e+005 2.128995e+007 6.536527e+005 401697
2.129030e+007 8.628085e+005 2.129030e+007 6.551094e+005 401698
2.129066e+007 8.646787e+005 2.129066e+007 6.565667e+005 401699
2.129101e+007 8.665495e+005 2.129101e+007 6.580244e+005 401700
2.129137e+007 8.684205e+005 2.129137e+007 6.594823e+005 401701
2.129173e+007 8.702918e+005 2.129173e+007 6.609405e+005 401702
2.129208e+007 8.721632e+005 2.129208e+007 6.623988e+005 401703
2.129244e+007 8.740348e+005 2.129244e+007 6.638571e+005 401704
2.129280e+007 8.759070e+005 2.129280e+007 6.653160e+005 401705
2.129351e+007 8.796527e+005 2.129351e+007 6.682348e+005 401707
2.129386e+007 8.815263e+005 2.129386e+007 6.696947e+005 401708
2.129422e+007 8.834003e+005 2.129422e+007 6.711550e+005 401709
2.129458e+007 8.852745e+005 2.129458e+007 6.726153e+005 401710
2.129493e+007 8.871489e+005 2.129493e+007 6.740759e+005 401711
2.129529e+007 8.890238e+005 2.129529e+007 6.755369e+005 401712
2.129565e+007 8.908997e+005 2.129565e+007 6.769986e+005 401713
2.129601e+007 8.927758e+005 2.129601e+007 6.784605e+005 401714
2.129636e+007 8.946524e+005 2.129636e+007 6.799228e+005 401715
2.129672e+007 8.965291e+005 2.129672e+007 6.813852e+005 401716
2.129708e+007 8.984059e+005 2.129708e+007 6.828476e+005 401717
2.129743e+007 9.002833e+005 2.129743e+007 6.843105e+005 401718
2.129779e+007 9.021615e+005 2.129779e+007 6.857740e+005 401719
2.129815e+007 9.040399e+005 2.129815e+007 6.872377e+005 401720
2.129886e+007 9.077986e+005 2.129886e+007 6.901666e+005 401722
2.129922e+007 9.096783e+005 2.129922e+007 6.916313e+005 401723
2.129958e+007 9.115580e+005 2.129958e+007 6.930959e+005 401724
2.129994e+007 9.134383e+005 2.129994e+007 6.945611e+005 401725
2.130030e+007 9.153190e+005 2.130030e+007 6.960266e+005 401726
2.130101e+007 9.190816e+005 2.130101e+007 6.989586e+005 401728
2.130137e+007 9.209636e+005 2.130137e+007 7.004250e+005 401729
2.130209e+007 9.247295e+005 2.130209e+007 7.033595e+005 401731
2.130244e+007 9.266129e+005 2.130244e+007 7.048271e+005 401732
2.130280e+007 9.284966e+005 2.130280e+007 7.062949e+005 401733
2.130316e+007 9.303805e+005 2.130316e+007 7.077629e+005 401734
2.130352e+007 9.322650e+005 2.130352e+007 7.092313e+005 401735
2.130388e+007 9.341501e+005 2.130388e+007 7.107002e+005 401736
2.130424e+007 9.360358e+005 2.130424e+007 7.121696e+005 401737
2.130460e+007 9.379217e+005 2.130460e+007 7.136391e+005 401738
2.130496e+007 9.398079e+005 2.130496e+007 7.151089e+005 401739
2.130531e+007 9.416947e+005 2.130531e+007 7.165791e+005 401740
2.130567e+007 9.435818e+005 2.130567e+007 7.180496e+005 401741
2.130603e+007 9.454688e+005 2.130603e+007 7.195200e+005 401742
2.130639e+007 9.473565e+005 2.130639e+007 7.209909e+005 401743
2.130675e+007 9.492444e+005 2.130675e+007 7.224620e+005 401744
2.130711e+007 9.511327e+005 2.130711e+007 7.239334e+005 401745
2.130747e+007 9.530216e+005 2.130747e+007 7.254053e+005 401746
2.130783e+007 9.549111e+005 2.130783e+007 7.268776e+005 401747
2.130819e+007 9.568009e+005 2.130819e+007 7.283502e+005 401748
2.130855e+007 9.586911e+005 2.130855e+007 7.298230e+005 401749
2.130891e+007 9.605814e+005 2.130891e+007 7.312960e+005 401750
2.130927e+007 9.624722e+005 2.130927e+007 7.327693e+005 401751
2.130999e+007 9.662547e+005 2.130999e+007 7.357168e+005 401753
2.131035e+007 9.681464e+005 2.131035e+007 7.371908e+005 401754
2.131071e+007 9.700386e+005 2.131071e+007 7.386652e+005 401755
2.131107e+007 9.719316e+005 2.131107e+007 7.401403e+005 401756
2.131143e+007 9.738255e+005 2.131143e+007 7.416161e+005 401757
2.131179e+007 9.757200e+005 2.131179e+007 7.430923e+005 401758
2.131215e+007 9.776147e+005 2.131215e+007 7.445687e+005 401759
2.131251e+007 9.795095e+005 2.131251e+007 7.460451e+005 401760
2.131287e+007 9.814047e+005 2.131287e+007 7.475219e+005 401761
2.131323e+007 9.833003e+005 2.131323e+007 7.489990e+005 401762
2.131359e+007 9.851958e+005 2.131359e+007 7.504760e+005 401763
2.131431e+007 9.889887e+005 2.131431e+007 7.534315e+005 401765
2.131468e+007 9.908861e+005 2.131468e+007 7.549100e+005 401766
2.131504e+007 9.927837e+005 2.131504e+007 7.563887e+005 401767
2.131540e+007 9.946813e+005 2.131540e+007 7.578674e+005 401768
2.131576e+007 9.965794e+005 2.131576e+007 7.593463e+005 401769
2.131612e+007 9.984778e+005 2.131612e+007 7.608256e+005 401770
2.131648e+007 1.000376e+006 2.131648e+007 7.623051e+005 401771
2.131684e+007 1.002276e+006 2.131684e+007 7.637850e+005 401772
2.131720e+007 1.004175e+006 2.131720e+007 7.652652e+005 401773
2.131757e+007 1.006075e+006 2.131757e+007 7.667457e+005 401774
2.131793e+007 1.007975e+006 2.131793e+007 7.682262e+005 401775
2.131829e+007 1.009876e+006 2.131829e+007 7.697076e+005 401776
2.131865e+007 1.011778e+006 2.131865e+007 7.711895e+005 401777
2.131901e+007 1.013680e+006 2.131901e+007 7.726712e+005 401778
2.131938e+007 1.015582e+006 2.131937e+007 7.741534e+005 401779
2.131974e+007 1.017485e+006 2.131974e+007 7.756364e+005 401780
2.132010e+007 1.019388e+006 2.132010e+007 7.771196e+005 401781
2.132082e+007 1.023196e+006 2.132082e+007 7.800866e+005 401783
2.132119e+007 1.025101e+006 2.132119e+007 7.815710e+005 401784
2.132155e+007 1.027007e+006 2.132155e+007 7.830561e+005 401785
2.132191e+007 1.028913e+006 2.132191e+007 7.845413e+005 401786
2.132227e+007 1.030819e+006 2.132227e+007 7.860264e+005 401787
2.132264e+007 1.032725e+006 2.132264e+007 7.875116e+005 401788
2.132300e+007 1.034631e+006 2.132300e+007 7.889972e+005 401789
2.132336e+007 1.036538e+006 2.132336e+007 7.904829e+005 401790
2.132373e+007 1.038445e+006 2.132373e+007 7.919689e+005 401791
2.132409e+007 1.040352e+006 2.132409e+007 7.934551e+005 401792
2.132445e+007 1.042260e+006 2.132445e+007 7.949414e+005 401793
2.132481e+007 1.044168e+006 2.132481e+007 7.964282e+005 401794
2.132518e+007 1.046077e+006 2.132518e+007 7.979155e+005 401795
2.132554e+007 1.047985e+006 2.132554e+007 7.994030e+005 401796
2.132590e+007 1.049895e+006 2.132590e+007 8.008910e+005 401797
2.132627e+007 1.051805e+006 2.132627e+007 8.023796e+005 401798
2.132663e+007 1.053716e+006 2.132663e+007 8.038681e+005 401799
2.132700e+007 1.055626e+006 2.132699e+007 8.053569e+005 401800
2.132736e+007 1.057537e+006 2.132736e+007 8.068459e+005 401801
2.132772e+007 1.059448e+006 2.132772e+007 8.083352e+005 401802
2.132809e+007 1.061360e+006 2.132809e+007 8.098249e+005 401803
2.132845e+007 1.063272e+006 2.132845e+007 8.113148e+005 401804
2.132881e+007 1.065185e+006 2.132881e+007 8.128050e+005 401805
2.132918e+007 1.067098e+006 2.132918e+007 8.142958e+005 401806
2.132954e+007 1.069012e+006 2.132954e+007 8.157871e+005 401807
2.132991e+007 1.070926e+006 2.132991e+007 8.172787e+005 401808
2.133027e+007 1.072840e+006 2.133027e+007 8.187705e+005 401809
2.133064e+007 1.074755e+006 2.133063e+007 8.202626e+005 401810
2.133100e+007 1.076670e+006 2.133100e+007 8.217548e+005 401811
2.133136e+007 1.078586e+006 2.133136e+007 8.232475e+005 401812
2.133173e+007 1.080502e+006 2.133173e+007 8.247407e+005 401813
2.133209e+007 1.082419e+006 2.133209e+007 8.262341e+005 401814
2.133246e+007 1.084335e+006 2.133246e+007 8.277276e+005 401815
2.133282e+007 1.086252e+006 2.133282e+007 8.292214e+005 401816
2.133319e+007 1.088170e+006 2.133319e+007 8.307154e+005 401817
2.133355e+007 1.090088e+006 2.133355e+007 8.322098e+005 401818
2.133392e+007 1.092006e+006 2.133392e+007 8.337046e+005 401819
2.133428e+007 1.093924e+006 2.133428e+007 8.351996e+005 401820
2.133465e+007 1.095843e+006 2.133465e+007 8.366949e+005 401821
2.133501e+007 1.097763e+006 2.133501e+007 8.381909e+005 401822
2.133538e+007 1.099684e+006 2.133538e+007 8.396872e+005 401823
2.133574e+007 1.101604e+006 2.133574e+007 8.411837e+005 401824
2.133611e+007 1.103525e+006 2.133611e+007 8.426806e+005 401825
2.133648e+007 1.105447e+006 2.133647e+007 8.441781e+005 401826
2.133684e+007 1.107369e+006 2.133684e+007 8.456756e+005 401827
2.133721e+007 1.109290e+006 2.133721e+007 8.471730e+005 401828
2.133794e+007 1.113135e+006 2.133794e+007 8.501686e+005 401830
2.133830e+007 1.115058e+006 2.133830e+007 8.516673e+005 401831
2.133867e+007 1.116981e+006 2.133867e+007 8.531658e+005 401832
2.133904e+007 1.118905e+006 2.133904e+007 8.546648e+005 401833
2.133940e+007 1.120829e+006 2.133940e+007 8.561645e+005 401834
2.133977e+007 1.122754e+006 2.133977e+007 8.576644e+005 401835
2.134014e+007 1.124679e+006 2.134013e+007 8.591644e+005 401836
2.134050e+007 1.126605e+006 2.134050e+007 8.606651e+005 401837
2.134124e+007 1.130457e+006 2.134123e+007 8.636667e+005 401839
2.134160e+007 1.132384e+006 2.134160e+007 8.651680e+005 401840
2.134197e+007 1.134311e+006 2.134197e+007 8.666695e+005 401841
2.134234e+007 1.136238e+006 2.134233e+007 8.681712e+005 401842
2.134270e+007 1.138166e+006 2.134270e+007 8.696734e+005 401843
2.134307e+007 1.140094e+006 2.134307e+007 8.711760e+005 401844
2.134344e+007 1.142023e+006 2.134343e+007 8.726788e+005 401845
2.134380e+007 1.143952e+006 2.134380e+007 8.741819e+005 401846
2.134417e+007 1.145881e+006 2.134417e+007 8.756854e+005 401847
2.134454e+007 1.147812e+006 2.134454e+007 8.771896e+005 401848
2.134490e+007 1.149742e+006 2.134490e+007 8.786937e+005 401849
2.134564e+007 1.153605e+006 2.134564e+007 8.817035e+005 401851
2.134601e+007 1.155536e+006 2.134601e+007 8.832085e+005 401852
2.134637e+007 1.157468e+006 2.134637e+007 8.847137e+005 401853
2.134674e+007 1.159400e+006 2.134674e+007 8.862196e+005 401854
2.134711e+007 1.161333e+006 2.134711e+007 8.877259e+005 401855
2.134748e+007 1.163267e+006 2.134748e+007 8.892326e+005 401856
2.134785e+007 1.165201e+006 2.134785e+007 8.907394e+005 401857
2.134821e+007 1.167135e+006 2.134821e+007 8.922467e+005 401858
2.134858e+007 1.169070e+006 2.134858e+007 8.937543e+005 401859
2.134895e+007 1.171004e+006 2.134895e+007 8.952619e+005 401860
2.134932e+007 1.172939e+006 2.134932e+007 8.967695e+005 401861
2.134969e+007 1.174875e+006 2.134969e+007 8.982776e+005 401862
2.135006e+007 1.176811e+006 2.135005e+007 8.997861e+005 401863
2.135042e+007 1.178747e+006 2.135042e+007 9.012949e+005 401864
2.135079e+007 1.180684e+006 2.135079e+007 9.028043e+005 401865
2.135116e+007 1.182621e+006 2.135116e+007 9.043138e+005 401866
2.135153e+007 1.184559e+006 2.135153e+007 9.058236e+005 401867
2.135190e+007 1.186497e+006 2.135190e+007 9.073338e+005 401868
2.135227e+007 1.188435e+006 2.135227e+007 9.088442e+005 401869
2.135264e+007 1.190374e+006 2.135264e+007 9.103553e+005 401870
2.135301e+007 1.192314e+006 2.135300e+007 9.118667e+005 401871
2.135337e+007 1.194254e+006 2.135337e+007 9.133782e+005 401872
2.135411e+007 1.198135e+006 2.135411e+007 9.164023e+005 401874
2.135448e+007 1.200076e+006 2.135448e+007 9.179146e+005 401875
2.135485e+007 1.202017e+006 2.135485e+007 9.194272e+005 401876
2.135522e+007 1.203958e+006 2.135522e+007 9.209401e+005 401877
2.135596e+007 1.207842e+006 2.135596e+007 9.239663e+005 401879
2.135633e+007 1.209785e+006 2.135633e+007 9.254802e+005 401880
2.135670e+007 1.211728e+006 2.135670e+007 9.269942e+005 401881
2.135744e+007 1.215616e+006 2.135744e+007 9.300238e+005 401883
2.135781e+007 1.217560e+006 2.135781e+007 9.315389e+005 401884
2.135818e+007 1.219505e+006 2.135818e+007 9.330544e+005 401885
2.135855e+007 1.221451e+006 2.135855e+007 9.345705e+005 401886
2.135892e+007 1.223397e+006 2.135892e+007 9.360868e+005 401887
2.135929e+007 1.225343e+006 2.135929e+007 9.376034e+005 401888
2.135966e+007 1.227289e+006 2.135966e+007 9.391201e+005 401889
2.136003e+007 1.229236e+006 2.136003e+007 9.406372e+005 401890
2.136040e+007 1.231184e+006 2.136040e+007 9.421546e+005 401891
2.136077e+007 1.233131e+006 2.136077e+007 9.436725e+005 401892
2.136114e+007 1.235080e+006 2.136114e+007 9.451906e+005 401893
2.136151e+007 1.237028e+006 2.136151e+007 9.467089e+005 401894
2.136189e+007 1.238977e+006 2.136188e+007 9.482276e+005 401895
2.136226e+007 1.240927e+006 2.136226e+007 9.497467e+005 401896
2.136263e+007 1.242877e+006 2.136263e+007 9.512661e+005 401897
2.136300e+007 1.244827e+006 2.136300e+007 9.527857e+005 401898
2.136337e+007 1.246777e+006 2.136337e+007 9.543053e+005 401899
2.136374e+007 1.248728e+006 2.136374e+007 9.558254e+005 401900
2.136411e+007 1.250679e+006 2.136411e+007 9.573459e+005 401901
2.136448e+007 1.252631e+006 2.136448e+007 9.588668e+005 401902
2.136486e+007 1.254583e+006 2.136485e+007 9.603881e+005 401903
2.136523e+007 1.256535e+006 2.136523e+007 9.619093e+005 401904
2.136560e+007 1.258488e+006 2.136560e+007 9.634306e+005 401905
2.136597e+007 1.260440e+006 2.136597e+007 9.649522e+005 401906
2.136634e+007 1.262394e+006 2.136634e+007 9.664742e+005 401907
2.136709e+007 1.266303e+006 2.136708e+007 9.695202e+005 401909
2.136746e+007 1.268258e+006 2.136746e+007 9.710436e+005 401910
2.136783e+007 1.270213e+006 2.136783e+007 9.725672e+005 401911
2.136820e+007 1.272169e+006 2.136820e+007 9.740913e+005 401912
2.136857e+007 1.274125e+006 2.136857e+007 9.756157e+005 401913
2.136895e+007 1.276082e+006 2.136895e+007 9.771404e+005 401914
2.136932e+007 1.278039e+006 2.136932e+007 9.786654e+005 401915
2.136969e+007 1.279996e+006 2.136969e+007 9.801904e+005 401916
2.137006e+007 1.281954e+006 2.137006e+007 9.817160e+005 401917
2.137044e+007 1.283912e+006 2.137044e+007 9.832418e+005 401918
2.137081e+007 1.285871e+006 2.137081e+007 9.847681e+005 401919
2.137118e+007 1.287830e+006 2.137118e+007 9.862947e+005 401920
2.137155e+007 1.289789e+006 2.137155e+007 9.878215e+005 401921
2.137193e+007 1.291749e+006 2.137193e+007 9.893483e+005 401922
2.137230e+007 1.293709e+006 2.137230e+007 9.908757e+005 401923
2.137267e+007 1.295669e+006 2.137267e+007 9.924033e+005 401924
2.137305e+007 1.297630e+006 2.137305e+007 9.939314e+005 401925
2.137342e+007 1.299592e+006 2.137342e+007 9.954598e+005 401926
2.137379e+007 1.301554e+006 2.137379e+007 9.969887e+005 401927
2.137417e+007 1.303517e+006 2.137417e+007 9.985182e+005 401928
2.137454e+007 1.305480e+006 2.137454e+007 1.000048e+006 401929
2.137491e+007 1.307443e+006 2.137491e+007 1.001577e+006 401930
2.137529e+007 1.309406e+006 2.137529e+007 1.003107e+006 401931
2.137603e+007 1.313334e+006 2.137603e+007 1.006168e+006 401933
2.137641e+007 1.315298e+006 2.137641e+007 1.007698e+006 401934
2.137678e+007 1.317263e+006 2.137678e+007 1.009230e+006 401935
2.137716e+007 1.319229e+006 2.137716e+007 1.010761e+006 401936
2.137753e+007 1.321195e+006 2.137753e+007 1.012293e+006 401937
2.137790e+007 1.323161e+006 2.137790e+007 1.013825e+006 401938
2.137828e+007 1.325127e+006 2.137828e+007 1.015358e+006 401939
2.137865e+007 1.327094e+006 2.137865e+007 1.016890e+006 401940
2.137903e+007 1.329061e+006 2.137903e+007 1.018422e+006 401941
2.137940e+007 1.331028e+006 2.137940e+007 1.019955e+006 401942
2.137978e+007 1.332996e+006 2.137978e+007 1.021489e+006 401943
2.138015e+007 1.334964e+006 2.138015e+007 1.023022e+006 401944
2.138053e+007 1.336933e+006 2.138052e+007 1.024556e+006 401945
2.138090e+007 1.338902e+006 2.138090e+007 1.026091e+006 401946
2.138127e+007 1.340871e+006 2.138127e+007 1.027625e+006 401947
2.138165e+007 1.342841e+006 2.138165e+007 1.029160e+006 401948
2.138202e+007 1.344812e+006 2.138202e+007 1.030696e+006 401949
2.138240e+007 1.346783e+006 2.138240e+007 1.032232e+006 401950
2.138278e+007 1.348755e+006 2.138277e+007 1.033769e+006 401951
2.138315e+007 1.350727e+006 2.138315e+007 1.035305e+006 401952
2.138353e+007 1.352700e+006 2.138353e+007 1.036842e+006 401953
2.138390e+007 1.354673e+006 2.138390e+007 1.038380e+006 401954
2.138428e+007 1.356646e+006 2.138428e+007 1.039918e+006 401955
2.138465e+007 1.358620e+006 2.138465e+007 1.041456e+006 401956
2.138503e+007 1.360594e+006 2.138503e+007 1.042994e+006 401957
2.138540e+007 1.362568e+006 2.138540e+007 1.044532e+006 401958
2.138578e+007 1.364542e+006 2.138578e+007 1.046071e+006 401959
2.138616e+007 1.366518e+006 2.138615e+007 1.047610e+006 401960
2.138653e+007 1.368494e+006 2.138653e+007 1.049149e+006 401961
2.138691e+007 1.370470e+006 2.138691e+007 1.050690e+006 401962
2.138728e+007 1.372447e+006 2.138728e+007 1.052230e+006 401963
2.138766e+007 1.374424e+006 2.138766e+007 1.053771e+006 401964
2.138804e+007 1.376405e+006 2.138804e+007 1.055314e+006 401965
2.138841e+007 1.378391e+006 2.138841e+007 1.056862e+006 401966
2.138879e+007 1.380376e+006 2.138879e+007 1.058408e+006 401967
2.138917e+007 1.382359e+006 2.138917e+007 1.059954e+006 401968
2.138955e+007 1.384342e+006 2.138955e+007 1.061499e+006 401969
2.138992e+007 1.386324e+006 2.138992e+007 1.063043e+006 401970
2.139030e+007 1.388306e+006 2.139030e+007 1.064587e+006 401971
2.139068e+007 1.390287e+006 2.139068e+007 1.066131e+006 401972
2.139106e+007 1.392268e+006 2.139106e+007 1.067675e+006 401973
2.139143e+007 1.394249e+006 2.139143e+007 1.069218e+006 401974
2.139181e+007 1.396229e+006 2.139181e+007 1.070761e+006 401975
2.139256e+007 1.400190e+006 2.139256e+007 1.073848e+006 401977
2.139294e+007 1.402171e+006 2.139294e+007 1.075391e+006 401978
2.139332e+007 1.404153e+006 2.139332e+007 1.076936e+006 401979
2.139369e+007 1.406135e+006 2.139369e+007 1.078480e+006 401980
2.139407e+007 1.408118e+006 2.139407e+007 1.080025e+006 401981
2.139445e+007 1.410101e+006 2.139445e+007 1.081570e+006 401982
2.139483e+007 1.412084e+006 2.139483e+007 1.083116e+006 401983
2.139520e+007 1.414069e+006 2.139520e+007 1.084662e+006 401984
2.139558e+007 1.416054e+006 2.139558e+007 1.086209e+006 401985
2.139596e+007 1.418039e+006 2.139596e+007 1.087756e+006 401986
2.139634e+007 1.420024e+006 2.139634e+007 1.089303e+006 401987
2.139672e+007 1.422011e+006 2.139672e+007 1.090851e+006 401988
2.139709e+007 1.423997e+006 2.139709e+007 1.092399e+006 401989
2.139747e+007 1.425984e+006 2.139747e+007 1.093947e+006 401990
2.139785e+007 1.427971e+006 2.139785e+007 1.095496e+006 401991
2.139823e+007 1.429960e+006 2.139823e+007 1.097045e+006 401992
2.139861e+007 1.431948e+006 2.139861e+007 1.098594e+006 401993
2.139899e+007 1.433937e+006 2.139898e+007 1.100144e+006 401994
2.139936e+007 1.435926e+006 2.139936e+007 1.101694e+006 401995
2.139974e+007 1.437916e+006 2.139974e+007 1.103245e+006 401996
2.140012e+007 1.439906e+006 2.140012e+007 1.104795e+006 401997
2.140050e+007 1.441896e+006 2.140050e+007 1.106346e+006 401998
2.140088e+007 1.443886e+006 2.140088e+007 1.107897e+006 401999
2.140126e+007 1.445876e+006 2.140126e+007 1.109448e+006 402000
2.140164e+007 1.447868e+006 2.140164e+007 1.110999e+006 402001
2.140202e+007 1.449859e+006 2.140201e+007 1.112551e+006 402002
2.140239e+007 1.451851e+006 2.140239e+007 1.114103e+006 402003
2.140277e+007 1.453843e+006 2.140277e+007 1.115656e+006 402004
2.140315e+007 1.455836e+006 2.140315e+007 1.117208e+006 402005
2.140353e+007 1.457829e+006 2.140353e+007 1.118762e+006 402006
2.140391e+007 1.459823e+006 2.140391e+007 1.120315e+006 402007
2.140429e+007 1.461816e+006 2.140429e+007 1.121868e+006 402008
2.140467e+007 1.463811e+006 2.140467e+007 1.123422e+006 402009
2.140505e+007 1.465806e+006 2.140505e+007 1.124977e+006 402010
2.140543e+007 1.467801e+006 2.140543e+007 1.126532e+006 402011
2.140581e+007 1.469797e+006 2.140581e+007 1.128087e+006 402012
2.140619e+007 1.471793e+006 2.140619e+007 1.129643e+006 402013
2.140657e+007 1.473790e+006 2.140657e+007 1.131199e+006 402014
2.140695e+007 1.475788e+006 2.140695e+007 1.132755e+006 402015
2.140733e+007 1.477785e+006 2.140733e+007 1.134312e+006 402016
2.140771e+007 1.479783e+006 2.140771e+007 1.135869e+006 402017
2.140809e+007 1.481781e+006 2.140809e+007 1.137425e+006 402018
2.140847e+007 1.483780e+006 2.140847e+007 1.138982e+006 402019
2.140885e+007 1.485778e+006 2.140885e+007 1.140540e+006 402020
2.140923e+007 1.487777e+006 2.140923e+007 1.142098e+006 402021
2.140961e+007 1.489777e+006 2.140961e+007 1.143656e+006 402022
2.140999e+007 1.491777e+006 2.140999e+007 1.145214e+006 402023
2.141037e+007 1.493778e+006 2.141037e+007 1.146773e+006 402024
2.141075e+007 1.495779e+006 2.141075e+007 1.148332e+006 402025
2.141113e+007 1.497780e+006 2.141113e+007 1.149892e+006 402026
2.141152e+007 1.499782e+006 2.141151e+007 1.151452e+006 402027
2.141190e+007 1.501784e+006 2.141190e+007 1.153012e+006 402028
2.141228e+007 1.503786e+006 2.141228e+007 1.154572e+006 402029
2.141266e+007 1.505790e+006 2.141266e+007 1.156133e+006 402030
2.141304e+007 1.507794e+006 2.141304e+007 1.157695e+006 402031
2.141342e+007 1.509797e+006 2.141342e+007 1.159256e+006 402032
2.141380e+007 1.511802e+006 2.141380e+007 1.160818e+006 402033
2.141418e+007 1.513806e+006 2.141418e+007 1.162380e+006 402034
2.141457e+007 1.515811e+006 2.141457e+007 1.163942e+006 402035
2.141495e+007 1.517816e+006 2.141495e+007 1.165505e+006 402036
2.141533e+007 1.519822e+006 2.141533e+007 1.167067e+006 402037
2.141571e+007 1.521828e+006 2.141571e+007 1.168631e+006 402038
2.141609e+007 1.523834e+006 2.141609e+007 1.170194e+006 402039
2.141647e+007 1.525841e+006 2.141647e+007 1.171758e+006 402040
2.141686e+007 1.527849e+006 2.141686e+007 1.173322e+006 402041
2.141724e+007 1.529856e+006 2.141724e+007 1.174886e+006 402042
2.141762e+007 1.531864e+006 2.141762e+007 1.176451e+006 402043
2.141800e+007 1.533873e+006 2.141800e+007 1.178016e+006 402044
2.141838e+007 1.535881e+006 2.141838e+007 1.179581e+006 402045
2.141877e+007 1.537890e+006 2.141877e+007 1.181147e+006 402046
2.141915e+007 1.539900e+006 2.141915e+007 1.182712e+006 402047
2.141953e+007 1.541910e+006 2.141953e+007 1.184279e+006 402048
2.141991e+007 1.543920e+006 2.141991e+007 1.185845e+006 402049
2.142030e+007 1.545931e+006 2.142030e+007 1.187412e+006 402050
2.142068e+007 1.547942e+006 2.142068e+007 1.188979e+006 402051
2.142106e+007 1.549954e+006 2.142106e+007 1.190547e+006 402052
2.142145e+007 1.551966e+006 2.142145e+007 1.192115e+006 402053
2.142183e+007 1.553979e+006 2.142183e+007 1.193683e+006 402054
2.142221e+007 1.555992e+006 2.142221e+007 1.195252e+006 402055
2.142259e+007 1.558005e+006 2.142259e+007 1.196821e+006 402056
2.142298e+007 1.560019e+006 2.142298e+007 1.198389e+006 402057
2.142336e+007 1.562033e+006 2.142336e+007 1.199959e+006 402058
2.142374e+007 1.564047e+006 2.142374e+007 1.201529e+006 402059
2.142413e+007 1.566061e+006 2.142413e+007 1.203098e+006 402060
2.142451e+007 1.568077e+006 2.142451e+007 1.204669e+006 402061
2.142489e+007 1.570092e+006 2.142489e+007 1.206239e+006 402062
2.142528e+007 1.572108e+006 2.142528e+007 1.207810e+006 402063
2.142566e+007 1.574124e+006 2.142566e+007 1.209381e+006 402064
2.142605e+007 1.576142e+006 2.142605e+007 1.210953e+006 402065
2.142643e+007 1.578159e+006 2.142643e+007 1.212525e+006 402066
2.142681e+007 1.580176e+006 2.142681e+007 1.214097e+006 402067
2.142720e+007 1.582195e+006 2.142720e+007 1.215669e+006 402068
2.142758e+007 1.584213e+006 2.142758e+007 1.217242e+006 402069
2.142797e+007 1.586231e+006 2.142797e+007 1.218815e+006 402070
2.142835e+007 1.588250e+006 2.142835e+007 1.220388e+006 402071
2.142873e+007 1.590270e+006 2.142873e+007 1.221962e+006 402072
2.142912e+007 1.592290e+006 2.142912e+007 1.223536e+006 402073
2.142950e+007 1.594310e+006 2.142950e+007 1.225110e+006 402074
2.142989e+007 1.596331e+006 2.142989e+007 1.226685e+006 402075
2.143027e+007 1.598351e+006 2.143027e+007 1.228259e+006 402076
2.143066e+007 1.600372e+006 2.143066e+007 1.229834e+006 402077
2.143104e+007 1.602394e+006 2.143104e+007 1.231410e+006 402078
2.143143e+007 1.604417e+006 2.143143e+007 1.232986e+006 402079
2.143181e+007 1.606440e+006 2.143181e+007 1.234562e+006 402080
2.143220e+007 1.608463e+006 2.143220e+007 1.236138e+006 402081
2.143258e+007 1.610487e+006 2.143258e+007 1.237715e+006 402082
2.143297e+007 1.612511e+006 2.143297e+007 1.239292e+006 402083
2.143335e+007 1.614535e+006 2.143335e+007 1.240870e+006 402084
2.143374e+007 1.616560e+006 2.143374e+007 1.242448e+006 402085
2.143412e+007 1.618585e+006 2.143412e+007 1.244026e+006 402086
2.143451e+007 1.620611e+006 2.143451e+007 1.245604e+006 402087
2.143489e+007 1.622637e+006 2.143489e+007 1.247183e+006 402088
2.143528e+007 1.624663e+006 2.143528e+007 1.248762e+006 402089
2.143566e+007 1.626689e+006 2.143566e+007 1.250341e+006 402090
2.143605e+007 1.628716e+006 2.143605e+007 1.251920e+006 402091
2.143644e+007 1.630743e+006 2.143644e+007 1.253500e+006 402092
2.143682e+007 1.632771e+006 2.143682e+007 1.255080e+006 402093
2.143721e+007 1.634799e+006 2.143721e+007 1.256660e+006 402094
2.143759e+007 1.636828e+006 2.143759e+007 1.258241e+006 402095
2.143798e+007 1.638857e+006 2.143798e+007 1.259822e+006 402096
2.143837e+007 1.640887e+006 2.143837e+007 1.261404e+006 402097
2.143875e+007 1.642917e+006 2.143875e+007 1.262985e+006 402098
2.143914e+007 1.644947e+006 2.143914e+007 1.264567e+006 402099
2.143953e+007 1.646978e+006 2.143953e+007 1.266150e+006 402100
2.143991e+007 1.649009e+006 2.143991e+007 1.267733e+006 402101
2.144030e+007 1.651040e+006 2.144030e+007 1.269315e+006 402102
2.144069e+007 1.653072e+006 2.144069e+007 1.270899e+006 402103
2.144107e+007 1.655105e+006 2.144107e+007 1.272483e+006 402104
2.144146e+007 1.657138e+006 2.144146e+007 1.274067e+006 402105
2.144185e+007 1.659171e+006 2.144185e+007 1.275651e+006 402106
2.144223e+007 1.661205e+006 2.144223e+007 1.277236e+006 402107
2.144301e+007 1.665273e+006 2.144301e+007 1.280406e+006 402109
2.144339e+007 1.667307e+006 2.144339e+007 1.281991e+006 402110
2.144378e+007 1.669342e+006 2.144378e+007 1.283577e+006 402111
2.144417e+007 1.671378e+006 2.144417e+007 1.285163e+006 402112
2.144456e+007 1.673413e+006 2.144456e+007 1.286749e+006 402113
2.144494e+007 1.675449e+006 2.144494e+007 1.288335e+006 402114
2.144572e+007 1.679522e+006 2.144572e+007 1.291509e+006 402116
2.144611e+007 1.681559e+006 2.144611e+007 1.293096e+006 402117
2.144649e+007 1.683597e+006 2.144649e+007 1.294684e+006 402118
2.144727e+007 1.687673e+006 2.144727e+007 1.297860e+006 402120
2.144766e+007 1.689712e+006 2.144766e+007 1.299449e+006 402121
2.144805e+007 1.691752e+006 2.144805e+007 1.301038e+006 402122
2.144843e+007 1.693792e+006 2.144843e+007 1.302628e+006 402123
2.144882e+007 1.695832e+006 2.144882e+007 1.304218e+006 402124
2.144921e+007 1.697873e+006 2.144921e+007 1.305808e+006 402125
2.144960e+007 1.699914e+006 2.144960e+007 1.307399e+006 402126
2.144999e+007 1.701955e+006 2.144999e+007 1.308989e+006 402127
2.145038e+007 1.703997e+006 2.145038e+007 1.310580e+006 402128
2.145076e+007 1.706039e+006 2.145076e+007 1.312172e+006 402129
2.145115e+007 1.708081e+006 2.145115e+007 1.313763e+006 402130
2.145154e+007 1.710124e+006 2.145154e+007 1.315355e+006 402131
2.145193e+007 1.712168e+006 2.145193e+007 1.316947e+006 402132
2.145232e+007 1.714211e+006 2.145232e+007 1.318539e+006 402133
2.145271e+007 1.716255e+006 2.145271e+007 1.320132e+006 402134
2.145310e+007 1.718300e+006 2.145310e+007 1.321725e+006 402135
2.145349e+007 1.720344e+006 2.145349e+007 1.323319e+006 402136
2.145388e+007 1.722390e+006 2.145388e+007 1.324912e+006 402137
2.145427e+007 1.724436e+006 2.145427e+007 1.326507e+006 402138
2.145465e+007 1.726482e+006 2.145465e+007 1.328101e+006 402139
2.145504e+007 1.728529e+006 2.145504e+007 1.329696e+006 402140
2.145543e+007 1.730576e+006 2.145543e+007 1.331291e+006 402141
2.145582e+007 1.732623e+006 2.145582e+007 1.332887e+006 402142
2.145621e+007 1.734671e+006 2.145621e+007 1.334482e+006 402143
2.145660e+007 1.736720e+006 2.145660e+007 1.336079e+006 402144
2.145699e+007 1.738768e+006 2.145699e+007 1.337675e+006 402145
2.145738e+007 1.740817e+006 2.145738e+007 1.339271e+006 402146
2.145777e+007 1.742866e+006 2.145777e+007 1.340868e+006 402147
2.145816e+007 1.744915e+006 2.145816e+007 1.342465e+006 402148
2.145855e+007 1.746965e+006 2.145855e+007 1.344062e+006 402149
2.145894e+007 1.749015e+006 2.145894e+007 1.345660e+006 402150
2.146050e+007 1.757223e+006 2.146050e+007 1.352055e+006 402154
2.146168e+007 1.763382e+006 2.146168e+007 1.356854e+006 402157
2.146207e+007 1.765436e+006 2.146207e+007 1.358455e+006 402158
2.146246e+007 1.767489e+006 2.146246e+007 1.360055e+006 402159
2.146285e+007 1.769543e+006 2.146285e+007 1.361655e+006 402160
2.146324e+007 1.771598e+006 2.146324e+007 1.363257e+006 402161
2.146363e+007 1.773654e+006 2.146363e+007 1.364858e+006 402162
2.146402e+007 1.775709e+006 2.146402e+007 1.366460e+006 402163
2.146441e+007 1.777765e+006 2.146441e+007 1.368062e+006 402164
2.146480e+007 1.779821e+006 2.146480e+007 1.369664e+006 402165
2.146520e+007 1.781877e+006 2.146520e+007 1.371266e+006 402166
2.146637e+007 1.788050e+006 2.146637e+007 1.376076e+006 402169
2.146676e+007 1.790109e+006 2.146676e+007 1.377681e+006 402170
2.146794e+007 1.796287e+006 2.146794e+007 1.382495e+006 402173
2.146833e+007 1.798348e+006 2.146833e+007 1.384100e+006 402174
2.146872e+007 1.800408e+006 2.146872e+007 1.385706e+006 402175
2.146911e+007 1.802469e+006 2.146911e+007 1.387312e+006 402176
2.146951e+007 1.804530e+006 2.146951e+007 1.388918e+006 402177
2.146990e+007 1.806591e+006 2.146990e+007 1.390524e+006 402178
2.147029e+007 1.808653e+006 2.147029e+007 1.392130e+006 402179
2.147068e+007 1.810715e+006 2.147068e+007 1.393737e+006 402180
2.147108e+007 1.812778e+006 2.147108e+007 1.395345e+006 402181
2.147147e+007 1.814841e+006 2.147147e+007 1.396952e+006 402182
2.147186e+007 1.816905e+006 2.147186e+007 1.398561e+006 402183
2.147225e+007 1.818969e+006 2.147225e+007 1.400169e+006 402184
2.147265e+007 1.821033e+006 2.147265e+007 1.401777e+006 402185
2.147422e+007 1.829294e+006 2.147422e+007 1.408214e+006 402189
2.147461e+007 1.831360e+006 2.147461e+007 1.409824e+006 402190
2.147501e+007 1.833427e+006 2.147501e+007 1.411435e+006 402191
2.147540e+007 1.835495e+006 2.147540e+007 1.413046e+006 402192
2.147579e+007 1.837562e+006 2.147579e+007 1.414657e+006 402193
2.147619e+007 1.839630e+006 2.147619e+007 1.416269e+006 402194
2.147658e+007 1.841699e+006 2.147658e+007 1.417880e+006 402195
2.147697e+007 1.843767e+006 2.147697e+007 1.419492e+006 402196
2.147737e+007 1.845836e+006 2.147737e+007 1.421104e+006 402197
2.147776e+007 1.847905e+006 2.147776e+007 1.422717e+006 402198
2.147815e+007 1.849975e+006 2.147815e+007 1.424330e+006 402199
2.147855e+007 1.852046e+006 2.147855e+007 1.425943e+006 402200
2.147894e+007 1.854116e+006 2.147894e+007 1.427556e+006 402201
2.147934e+007 1.856187e+006 2.147934e+007 1.429170e+006 402202
2.148091e+007 1.864475e+006 2.148091e+007 1.435628e+006 402206
2.148131e+007 1.866549e+006 2.148131e+007 1.437244e+006 402207
2.148170e+007 1.868623e+006 2.148170e+007 1.438860e+006 402208
2.148210e+007 1.870697e+006 2.148210e+007 1.440476e+006 402209
2.148249e+007 1.872772e+006 2.148249e+007 1.442093e+006 402210
2.148289e+007 1.874847e+006 2.148289e+007 1.443710e+006 402211
2.148328e+007 1.876922e+006 2.148328e+007 1.445327e+006 402212
2.148368e+007 1.878998e+006 2.148368e+007 1.446945e+006 402213
2.148407e+007 1.881074e+006 2.148407e+007 1.448562e+006 402214
2.148447e+007 1.883150e+006 2.148447e+007 1.450180e+006 402215
2.148486e+007 1.885226e+006 2.148486e+007 1.451798e+006 402216
2.148526e+007 1.887303e+006 2.148526e+007 1.453416e+006 402217
2.148565e+007 1.889381e+006 2.148565e+007 1.455035e+006 402218
2.148605e+007 1.891458e+006 2.148605e+007 1.456654e+006 402219
2.148644e+007 1.893536e+006 2.148644e+007 1.458273e+006 402220
2.148763e+007 1.899773e+006 2.148763e+007 1.463133e+006 402223
2.148803e+007 1.901853e+006 2.148803e+007 1.464753e+006 402224
2.148842e+007 1.903933e+006 2.148842e+007 1.466374e+006 402225
2.148921e+007 1.908094e+006 2.148921e+007 1.469617e+006 402227
2.148961e+007 1.910175e+006 2.148961e+007 1.471239e+006 402228
2.149001e+007 1.912257e+006 2.149001e+007 1.472861e+006 402229
2.149040e+007 1.914339e+006 2.149040e+007 1.474483e+006 402230
2.149080e+007 1.916422e+006 2.149080e+007 1.476106e+006 402231
2.149120e+007 1.918504e+006 2.149120e+007 1.477729e+006 402232
2.149159e+007 1.920588e+006 2.149159e+007 1.479352e+006 402233
2.149278e+007 1.926840e+006 2.149278e+007 1.484224e+006 402236
2.149318e+007 1.928925e+006 2.149318e+007 1.485849e+006 402237
2.149397e+007 1.933097e+006 2.149397e+007 1.489099e+006 402239
2.149437e+007 1.935183e+006 2.149437e+007 1.490725e+006 402240
2.149477e+007 1.937270e+006 2.149477e+007 1.492351e+006 402241
2.149556e+007 1.941444e+006 2.149556e+007 1.495604e+006 402243
2.149596e+007 1.943532e+006 2.149596e+007 1.497231e+006 402244
2.149675e+007 1.947709e+006 2.149675e+007 1.500486e+006 402246
2.149715e+007 1.949798e+006 2.149715e+007 1.502113e+006 402247
2.149755e+007 1.951887e+006 2.149755e+007 1.503741e+006 402248
2.149795e+007 1.953976e+006 2.149795e+007 1.505369e+006 402249
2.149834e+007 1.956065e+006 2.149834e+007 1.506997e+006 402250
2.149874e+007 1.958156e+006 2.149874e+007 1.508626e+006 402251
2.149914e+007 1.960246e+006 2.149914e+007 1.510255e+006 402252
2.149954e+007 1.962338e+006 2.149954e+007 1.511885e+006 402253
2.149993e+007 1.964429e+006 2.149993e+007 1.513514e+006 402254
2.150113e+007 1.970708e+006 2.150113e+007 1.518407e+006 402257
2.150193e+007 1.974894e+006 2.150193e+007 1.521669e+006 402259
2.150232e+007 1.976988e+006 2.150232e+007 1.523301e+006 402260
2.150272e+007 1.979083e+006 2.150272e+007 1.524933e+006 402261
2.150312e+007 1.981177e+006 2.150312e+007 1.526565e+006 402262
2.150352e+007 1.983272e+006 2.150352e+007 1.528197e+006 402263
2.150392e+007 1.985368e+006 2.150392e+007 1.529830e+006 402264
2.150432e+007 1.987464e+006 2.150432e+007 1.531463e+006 402265
2.150551e+007 1.993754e+006 2.150551e+007 1.536364e+006 402268
2.150591e+007 1.995851e+006 2.150591e+007 1.537999e+006 402269
2.150711e+007 2.002146e+006 2.150711e+007 1.542904e+006 402272
2.150751e+007 2.004245e+006 2.150751e+007 1.544539e+006 402273
2.150791e+007 2.006344e+006 2.150791e+007 1.546175e+006 402274
2.150831e+007 2.008444e+006 2.150831e+007 1.547812e+006 402275
2.150871e+007 2.010544e+006 2.150871e+007 1.549448e+006 402276
2.150911e+007 2.012645e+006 2.150911e+007 1.551085e+006 402277
2.150951e+007 2.014746e+006 2.150951e+007 1.552722e+006 402278
2.150991e+007 2.016848e+006 2.150991e+007 1.554360e+006 402279
2.151031e+007 2.018949e+006 2.151031e+007 1.555998e+006 402280
2.151071e+007 2.021052e+006 2.151071e+007 1.557636e+006 402281
2.151111e+007 2.023154e+006 2.151111e+007 1.559274e+006 402282
2.151151e+007 2.025258e+006 2.151151e+007 1.560913e+006 402283
2.151271e+007 2.031569e+006 2.151271e+007 1.565831e+006 402286
2.151311e+007 2.033673e+006 2.151311e+007 1.567470e+006 402287
2.151391e+007 2.037883e+006 2.151391e+007 1.570751e+006 402289
2.151431e+007 2.039989e+006 2.151431e+007 1.572392e+006 402290
2.151471e+007 2.042095e+006 2.151471e+007 1.574033e+006 402291
2.151512e+007 2.044202e+006 2.151511e+007 1.575675e+006 402292
2.151552e+007 2.046309e+006 2.151552e+007 1.577317e+006 402293
2.151592e+007 2.048416e+006 2.151592e+007 1.578959e+006 402294
2.151632e+007 2.050524e+006 2.151632e+007 1.580601e+006 402295
2.151672e+007 2.052632e+006 2.151672e+007 1.582244e+006 402296
2.151712e+007 2.054741e+006 2.151712e+007 1.583887e+006 402297
2.151752e+007 2.056850e+006 2.151752e+007 1.585530e+006 402298
2.151873e+007 2.063179e+006 2.151873e+007 1.590462e+006 402301
2.152033e+007 2.071622e+006 2.152033e+007 1.597041e+006 402305
2.152074e+007 2.073734e+006 2.152073e+007 1.598687e+006 402306
2.152114e+007 2.075846e+006 2.152114e+007 1.600333e+006 402307
2.152154e+007 2.077959e+006 2.152154e+007 1.601979e+006 402308
2.152194e+007 2.080072e+006 2.152194e+007 1.603626e+006 402309
2.152234e+007 2.082187e+006 2.152234e+007 1.605273e+006 402310
2.152275e+007 2.084301e+006 2.152275e+007 1.606920e+006 402311
2.152315e+007 2.086415e+006 2.152315e+007 1.608568e+006 402312
2.152355e+007 2.088530e+006 2.152355e+007 1.610216e+006 402313
2.152476e+007 2.094877e+006 2.152476e+007 1.615162e+006 402316
2.152556e+007 2.099110e+006 2.152556e+007 1.618460e+006 402318
2.152597e+007 2.101227e+006 2.152597e+007 1.620110e+006 402319
2.152677e+007 2.105461e+006 2.152677e+007 1.623409e+006 402321
2.152718e+007 2.107579e+006 2.152718e+007 1.625060e+006 402322
2.152758e+007 2.109698e+006 2.152758e+007 1.626711e+006 402323
2.152798e+007 2.111818e+006 2.152798e+007 1.628362e+006 402324
2.152839e+007 2.113937e+006 2.152839e+007 1.630014e+006 402325
2.152960e+007 2.120299e+006 2.152960e+007 1.634971e+006 402328
2.153040e+007 2.124542e+006 2.153040e+007 1.638277e+006 402330
2.153081e+007 2.126664e+006 2.153081e+007 1.639931e+006 402331
2.153162e+007 2.130908e+006 2.153161e+007 1.643238e+006 402333
2.153202e+007 2.133031e+006 2.153202e+007 1.644892e+006 402334
2.153242e+007 2.135154e+006 2.153242e+007 1.646547e+006 402335
2.153283e+007 2.137278e+006 2.153283e+007 1.648201e+006 402336
2.153323e+007 2.139402e+006 2.153323e+007 1.649857e+006 402337
2.153444e+007 2.145777e+006 2.153444e+007 1.654824e+006 402340
2.153525e+007 2.150029e+006 2.153525e+007 1.658137e+006 402342
2.153566e+007 2.152155e+006 2.153566e+007 1.659794e+006 402343
2.153647e+007 2.156408e+006 2.153647e+007 1.663108e+006 402345
2.153687e+007 2.158536e+006 2.153687e+007 1.664766e+006 402346
2.153728e+007 2.160665e+006 2.153728e+007 1.666425e+006 402347
2.153768e+007 2.162794e+006 2.153768e+007 1.668084e+006 402348
2.153809e+007 2.164923e+006 2.153809e+007 1.669743e+006 402349
2.153971e+007 2.173443e+006 2.153971e+007 1.676382e+006 402353
2.154011e+007 2.175574e+006 2.154011e+007 1.678042e+006 402354
2.154133e+007 2.181968e+006 2.154133e+007 1.683025e+006 402357
2.154174e+007 2.184101e+006 2.154174e+007 1.684687e+006 402358
2.154214e+007 2.186233e+006 2.154214e+007 1.686349e+006 402359
2.154255e+007 2.188366e+006 2.154255e+007 1.688010e+006 402360
2.154295e+007 2.190498e+006 2.154295e+007 1.689672e+006 402361
2.154336e+007 2.192633e+006 2.154336e+007 1.691335e+006 402362
