2.316890e+007 4.186138e+005 2.316891e+007 1.561852e+005 401170
2.316492e+007 3.976979e+005 2.316493e+007 1.398870e+005 401171
2.316225e+007 3.836400e+005 2.316226e+007 1.289329e+005 401172
2.316067e+007 3.753157e+005 2.316067e+007 1.224463e+005 401173
2.315997e+007 3.716461e+005 2.315997e+007 1.195869e+005 401174
2.316049e+007 3.744003e+005 2.316050e+007 1.217330e+005 401176
2.316140e+007 3.791723e+005 2.316141e+007 1.254515e+005 401177
2.316257e+007 3.853094e+005 2.316257e+007 1.302336e+005 401178
2.316389e+007 3.922860e+005 2.316390e+007 1.356699e+005 401179
2.316530e+007 3.996890e+005 2.316531e+007 1.414385e+005 401180
2.316673e+007 4.072022e+005 2.316674e+007 1.472929e+005 401181
2.316814e+007 4.145955e+005 2.316815e+007 1.530539e+005 401182
2.316949e+007 4.217102e+005 2.316950e+007 1.585978e+005 401183
2.317198e+007 4.347528e+005 2.317198e+007 1.687609e+005 401185
2.317309e+007 4.406117e+005 2.317310e+007 1.733263e+005 401186
2.317412e+007 4.460340e+005 2.317413e+007 1.775514e+005 401187
2.317508e+007 4.510474e+005 2.317508e+007 1.814579e+005 401188
2.317596e+007 4.556916e+005 2.317597e+007 1.850768e+005 401189
2.317678e+007 4.600136e+005 2.317679e+007 1.884446e+005 401190
2.317755e+007 4.640618e+005 2.317756e+007 1.915990e+005 401191
2.317828e+007 4.678837e+005 2.317829e+007 1.945771e+005 401192
2.317897e+007 4.715249e+005 2.317898e+007 1.974144e+005 401193
2.317964e+007 4.750264e+005 2.317965e+007 2.001428e+005 401194
2.318029e+007 4.784234e+005 2.318029e+007 2.027898e+005 401195
2.318092e+007 4.817478e+005 2.318092e+007 2.053802e+005 401196
2.318154e+007 4.850249e+005 2.318155e+007 2.079338e+005 401197
2.318278e+007 4.915129e+005 2.318278e+007 2.129894e+005 401199
2.318339e+007 4.947507e+005 2.318340e+007 2.155124e+005 401200
2.318401e+007 4.979945e+005 2.318402e+007 2.180400e+005 401201
2.318526e+007 5.045462e+005 2.318526e+007 2.231452e+005 401203
2.318589e+007 5.078568e+005 2.318589e+007 2.257248e+005 401204
2.318715e+007 5.145153e+005 2.318716e+007 2.309133e+005 401206
2.318779e+007 5.178675e+005 2.318780e+007 2.335254e+005 401207
2.320860e+007 -1.054719e+005 2.320861e+007 -9.420322e+004 401239
2.320925e+007 -1.020533e+005 2.320926e+007 -9.153938e+004 401240
2.320991e+007 -9.863436e+004 2.320991e+007 -8.887532e+004 401241
2.321056e+007 -9.521478e+004 2.321056e+007 -8.621072e+004 401242
2.321121e+007 -9.179459e+004 2.321121e+007 -8.354564e+004 401243
2.321186e+007 -8.837351e+004 2.321187e+007 -8.087987e+004 401244
2.321251e+007 -8.495133e+004 2.321252e+007 -7.821325e+004 401245
2.321316e+007 -8.152889e+004 2.321317e+007 -7.554641e+004 401246
2.321381e+007 -7.810591e+004 2.321382e+007 -7.287916e+004 401247
2.321446e+007 -7.468302e+004 2.321447e+007 -7.021198e+004 401248
2.321511e+007 -7.126083e+004 2.321512e+007 -6.754534e+004 401249
2.321577e+007 -6.783773e+004 2.321577e+007 -6.487799e+004 401250
2.321642e+007 -6.441364e+004 2.321642e+007 -6.220987e+004 401251
2.321707e+007 -6.098841e+004 2.321708e+007 -5.954087e+004 401252
2.321772e+007 -5.756235e+004 2.321773e+007 -5.687122e+004 401253
2.321837e+007 -5.413660e+004 2.321838e+007 -5.420181e+004 401254
2.321902e+007 -5.071058e+004 2.321903e+007 -5.153218e+004 401255
2.321968e+007 -4.728450e+004 2.321968e+007 -4.886252e+004 401256
2.322033e+007 -4.385878e+004 2.322034e+007 -4.619313e+004 401257
2.322098e+007 -4.043360e+004 2.322099e+007 -4.352417e+004 401258
2.322163e+007 -3.700817e+004 2.322164e+007 -4.085501e+004 401259
2.322228e+007 -3.358249e+004 2.322229e+007 -3.818565e+004 401260
2.322294e+007 -3.015676e+004 2.322294e+007 -3.551626e+004 401261
2.322359e+007 -2.673079e+004 2.322359e+007 -3.284668e+004 401262
2.322424e+007 -2.330439e+004 2.322425e+007 -3.017677e+004 401263
2.322489e+007 -1.987727e+004 2.322490e+007 -2.750629e+004 401264
2.322554e+007 -1.644952e+004 2.322555e+007 -2.483533e+004 401265
2.322620e+007 -1.302165e+004 2.322620e+007 -2.216426e+004 401266
2.322685e+007 -9.594077e+003 2.322686e+007 -1.949344e+004 401267
2.322750e+007 -6.166761e+003 2.322751e+007 -1.682281e+004 401268
2.322815e+007 -2.738732e+003 2.322816e+007 -1.415162e+004 401269
2.322881e+007 6.897750e+002 2.322881e+007 -1.148005e+004 401270
2.322946e+007 4.118222e+003 2.322947e+007 -8.808528e+003 401271
2.323011e+007 7.546704e+003 2.323012e+007 -6.136981e+003 401272
2.323076e+007 1.097575e+004 2.323077e+007 -3.464997e+003 401273
2.323142e+007 1.440503e+004 2.323142e+007 -7.928450e+002 401274
2.323207e+007 1.783411e+004 2.323208e+007 1.879147e+003 401275
2.323272e+007 2.126272e+004 2.323273e+007 4.550777e+003 401276
2.323337e+007 2.469183e+004 2.323338e+007 7.222796e+003 401277
2.323468e+007 3.154866e+004 2.323469e+007 1.256578e+004 401279
2.323533e+007 3.497569e+004 2.323534e+007 1.523621e+004 401280
2.323663e+007 4.182065e+004 2.323664e+007 2.057001e+004 401282
2.323728e+007 4.524456e+004 2.323729e+007 2.323802e+004 401283
2.323794e+007 4.866795e+004 2.323794e+007 2.590560e+004 401284
2.323859e+007 5.209649e+004 2.323860e+007 2.857722e+004 401285
2.323924e+007 5.552914e+004 2.323925e+007 3.125202e+004 401286
2.323989e+007 5.895730e+004 2.323990e+007 3.392331e+004 401287
2.324055e+007 6.238322e+004 2.324055e+007 3.659285e+004 401288
2.324120e+007 6.581843e+004 2.324121e+007 3.926963e+004 401289
2.324185e+007 6.924754e+004 2.324186e+007 4.194166e+004 401290
2.324316e+007 7.610170e+004 2.324316e+007 4.728261e+004 401292
2.324381e+007 7.953406e+004 2.324382e+007 4.995720e+004 401293
2.324446e+007 8.296938e+004 2.324447e+007 5.263408e+004 401294
2.324512e+007 8.640552e+004 2.324512e+007 5.531159e+004 401295
2.324577e+007 8.984093e+004 2.324578e+007 5.798854e+004 401296
2.324643e+007 9.327602e+004 2.324643e+007 6.066522e+004 401297
2.324708e+007 9.671129e+004 2.324709e+007 6.334204e+004 401298
2.324773e+007 1.001469e+005 2.324774e+007 6.601917e+004 401299
2.324839e+007 1.035846e+005 2.324839e+007 6.869789e+004 401300
2.324904e+007 1.070201e+005 2.324905e+007 7.137482e+004 401301
2.324970e+007 1.104574e+005 2.324970e+007 7.405323e+004 401302
2.325035e+007 1.138927e+005 2.325035e+007 7.673009e+004 401303
2.325100e+007 1.173281e+005 2.325101e+007 7.940706e+004 401304
2.325166e+007 1.207636e+005 2.325166e+007 8.208408e+004 401305
2.325296e+007 1.276260e+005 2.325297e+007 8.743135e+004 401307
2.325427e+007 1.344875e+005 2.325427e+007 9.277795e+004 401309
2.325492e+007 1.379236e+005 2.325493e+007 9.545545e+004 401310
2.325557e+007 1.413529e+005 2.325558e+007 9.812759e+004 401311
2.325623e+007 1.447807e+005 2.325623e+007 1.007986e+005 401312
2.325688e+007 1.482113e+005 2.325688e+007 1.034718e+005 401313
2.325753e+007 1.516433e+005 2.325754e+007 1.061460e+005 401314
2.325819e+007 1.550858e+005 2.325819e+007 1.088285e+005 401315
2.325884e+007 1.585296e+005 2.325885e+007 1.115120e+005 401316
2.325950e+007 1.619730e+005 2.325950e+007 1.141951e+005 401317
2.326015e+007 1.654157e+005 2.326016e+007 1.168778e+005 401318
2.326081e+007 1.688573e+005 2.326081e+007 1.195595e+005 401319
2.326146e+007 1.722976e+005 2.326147e+007 1.222403e+005 401320
2.326212e+007 1.757381e+005 2.326212e+007 1.249212e+005 401321
2.326277e+007 1.791782e+005 2.326278e+007 1.276018e+005 401322
2.326343e+007 1.826178e+005 2.326343e+007 1.302820e+005 401323
2.326408e+007 1.860573e+005 2.326409e+007 1.329621e+005 401324
2.326474e+007 1.894971e+005 2.326474e+007 1.356424e+005 401325
2.326539e+007 1.929367e+005 2.326540e+007 1.383226e+005 401326
2.326605e+007 1.963762e+005 2.326605e+007 1.410028e+005 401327
2.326670e+007 1.998160e+005 2.326670e+007 1.436831e+005 401328
2.326735e+007 2.032553e+005 2.326736e+007 1.463631e+005 401329
2.326801e+007 2.066948e+005 2.326801e+007 1.490432e+005 401330
2.326866e+007 2.101351e+005 2.326867e+007 1.517240e+005 401331
2.326932e+007 2.135755e+005 2.326932e+007 1.544048e+005 401332
2.326997e+007 2.170161e+005 2.326998e+007 1.570857e+005 401333
2.327063e+007 2.204569e+005 2.327063e+007 1.597669e+005 401334
2.327128e+007 2.238974e+005 2.327129e+007 1.624478e+005 401335
2.327194e+007 2.273378e+005 2.327194e+007 1.651286e+005 401336
2.327259e+007 2.307790e+005 2.327260e+007 1.678101e+005 401337
2.327325e+007 2.342205e+005 2.327325e+007 1.704917e+005 401338
2.327390e+007 2.376625e+005 2.327391e+007 1.731738e+005 401339
2.327456e+007 2.411046e+005 2.327456e+007 1.758560e+005 401340
2.327521e+007 2.445467e+005 2.327522e+007 1.785381e+005 401341
2.327587e+007 2.479891e+005 2.327587e+007 1.812205e+005 401342
2.327652e+007 2.514318e+005 2.327653e+007 1.839031e+005 401343
2.327718e+007 2.548748e+005 2.327718e+007 1.865859e+005 401344
2.327783e+007 2.583178e+005 2.327784e+007 1.892688e+005 401345
2.327849e+007 2.617611e+005 2.327849e+007 1.919519e+005 401346
2.327914e+007 2.652051e+005 2.327915e+007 1.946355e+005 401347
2.327980e+007 2.686494e+005 2.327980e+007 1.973194e+005 401348
2.328045e+007 2.720937e+005 2.328046e+007 2.000033e+005 401349
2.328111e+007 2.755381e+005 2.328111e+007 2.026872e+005 401350
2.328177e+007 2.789823e+005 2.328177e+007 2.053710e+005 401351
2.328242e+007 2.824270e+005 2.328242e+007 2.080551e+005 401352
2.328308e+007 2.858715e+005 2.328308e+007 2.107391e+005 401353
2.328373e+007 2.893162e+005 2.328374e+007 2.134233e+005 401354
2.328439e+007 2.927608e+005 2.328439e+007 2.161074e+005 401355
2.328504e+007 2.962051e+005 2.328505e+007 2.187913e+005 401356
2.328570e+007 2.996495e+005 2.328570e+007 2.214752e+005 401357
2.328635e+007 3.030947e+005 2.328636e+007 2.241598e+005 401358
2.328701e+007 3.065404e+005 2.328701e+007 2.268447e+005 401359
2.328767e+007 3.099866e+005 2.328767e+007 2.295301e+005 401360
2.328832e+007 3.134328e+005 2.328832e+007 2.322154e+005 401361
2.328898e+007 3.168787e+005 2.328898e+007 2.349005e+005 401362
2.328963e+007 3.203250e+005 2.328964e+007 2.375860e+005 401363
2.329029e+007 3.237716e+005 2.329029e+007 2.402716e+005 401364
2.329094e+007 3.272186e+005 2.329095e+007 2.429576e+005 401365
2.329160e+007 3.306660e+005 2.329160e+007 2.456438e+005 401366
2.329226e+007 3.341134e+005 2.329226e+007 2.483302e+005 401367
2.329291e+007 3.375613e+005 2.329292e+007 2.510168e+005 401368
2.329357e+007 3.410093e+005 2.329357e+007 2.537035e+005 401369
2.329423e+007 3.444572e+005 2.329423e+007 2.563902e+005 401370
2.329488e+007 3.479052e+005 2.329488e+007 2.590769e+005 401371
2.329554e+007 3.513529e+005 2.329554e+007 2.617634e+005 401372
2.329619e+007 3.548004e+005 2.329620e+007 2.644498e+005 401373
2.329685e+007 3.582482e+005 2.329685e+007 2.671364e+005 401374
2.329751e+007 3.616962e+005 2.329751e+007 2.698232e+005 401375
2.329816e+007 3.651441e+005 2.329817e+007 2.725098e+005 401376
2.329882e+007 3.685921e+005 2.329882e+007 2.751966e+005 401377
2.329947e+007 3.720406e+005 2.329948e+007 2.778837e+005 401378
2.330013e+007 3.754895e+005 2.330013e+007 2.805712e+005 401379
2.330079e+007 3.789386e+005 2.330079e+007 2.832588e+005 401380
2.330144e+007 3.823878e+005 2.330145e+007 2.859464e+005 401381
2.330210e+007 3.858369e+005 2.330210e+007 2.886340e+005 401382
2.330276e+007 3.892866e+005 2.330276e+007 2.913221e+005 401383
2.330341e+007 3.927364e+005 2.330342e+007 2.940103e+005 401384
2.330407e+007 3.961862e+005 2.330407e+007 2.966984e+005 401385
2.330473e+007 3.996362e+005 2.330473e+007 2.993867e+005 401386
2.330538e+007 4.030868e+005 2.330539e+007 3.020755e+005 401387
2.330604e+007 4.065378e+005 2.330604e+007 3.047646e+005 401388
2.330670e+007 4.099886e+005 2.330670e+007 3.074535e+005 401389
2.330735e+007 4.134397e+005 2.330736e+007 3.101426e+005 401390
2.330801e+007 4.168911e+005 2.330801e+007 3.128320e+005 401391
2.330867e+007 4.203427e+005 2.330867e+007 3.155216e+005 401392
2.330932e+007 4.237945e+005 2.330933e+007 3.182113e+005 401393
2.330998e+007 4.272468e+005 2.330998e+007 3.209014e+005 401394
2.331064e+007 4.306991e+005 2.331064e+007 3.235915e+005 401395
2.331129e+007 4.341513e+005 2.331130e+007 3.262815e+005 401396
2.331195e+007 4.376039e+005 2.331195e+007 3.289718e+005 401397
2.331261e+007 4.410569e+005 2.331261e+007 3.316625e+005 401398
2.331326e+007 4.445099e+005 2.331327e+007 3.343531e+005 401399
2.331392e+007 4.479629e+005 2.331393e+007 3.370438e+005 401400
2.331458e+007 4.514160e+005 2.331458e+007 3.397345e+005 401401
2.331524e+007 4.548696e+005 2.331524e+007 3.424256e+005 401402
2.331589e+007 4.583233e+005 2.331590e+007 3.451168e+005 401403
2.331655e+007 4.617772e+005 2.331655e+007 3.478081e+005 401404
2.331721e+007 4.652311e+005 2.331721e+007 3.504995e+005 401405
2.331787e+007 4.686852e+005 2.331787e+007 3.531910e+005 401406
2.331852e+007 4.721394e+005 2.331853e+007 3.558825e+005 401407
2.331984e+007 4.790487e+005 2.331984e+007 3.612664e+005 401409
2.332049e+007 4.825039e+005 2.332050e+007 3.639588e+005 401410
2.332115e+007 4.859591e+005 2.332116e+007 3.666511e+005 401411
2.332181e+007 4.894145e+005 2.332181e+007 3.693436e+005 401412
2.332247e+007 4.928705e+005 2.332247e+007 3.720366e+005 401413
2.332313e+007 4.963264e+005 2.332313e+007 3.747295e+005 401414
2.332378e+007 4.997820e+005 2.332379e+007 3.774222e+005 401415
2.332444e+007 5.032382e+005 2.332444e+007 3.801153e+005 401416
2.332510e+007 5.066945e+005 2.332510e+007 3.828085e+005 401417
2.332576e+007 5.101510e+005 2.332576e+007 3.855019e+005 401418
2.332641e+007 5.136078e+005 2.332642e+007 3.881954e+005 401419
2.332707e+007 5.170649e+005 2.332708e+007 3.908893e+005 401420
2.332773e+007 5.205219e+005 2.332773e+007 3.935831e+005 401421
2.332839e+007 5.239789e+005 2.332839e+007 3.962768e+005 401422
2.332905e+007 5.274360e+005 2.332905e+007 3.989707e+005 401423
2.332970e+007 5.308932e+005 2.332971e+007 4.016646e+005 401424
2.333036e+007 5.343507e+005 2.333036e+007 4.043587e+005 401425
2.333102e+007 5.378083e+005 2.333102e+007 4.070530e+005 401426
2.333168e+007 5.412664e+005 2.333168e+007 4.097476e+005 401427
2.333234e+007 5.447246e+005 2.333234e+007 4.124423e+005 401428
2.333299e+007 5.481830e+005 2.333300e+007 4.151371e+005 401429
2.333365e+007 5.516419e+005 2.333365e+007 4.178323e+005 401430
2.333431e+007 5.551011e+005 2.333431e+007 4.205278e+005 401431
2.333563e+007 5.620194e+005 2.333563e+007 4.259187e+005 401433
2.333628e+007 5.654784e+005 2.333629e+007 4.286140e+005 401434
2.333694e+007 5.689379e+005 2.333695e+007 4.313097e+005 401435
2.333826e+007 5.758578e+005 2.333826e+007 4.367018e+005 401437
2.333892e+007 5.793177e+005 2.333892e+007 4.393979e+005 401438
2.333958e+007 5.827781e+005 2.333958e+007 4.420943e+005 401439
2.334024e+007 5.862388e+005 2.334024e+007 4.447909e+005 401440
2.334089e+007 5.896997e+005 2.334090e+007 4.474877e+005 401441
2.334155e+007 5.931604e+005 2.334156e+007 4.501844e+005 401442
2.334221e+007 5.966212e+005 2.334221e+007 4.528811e+005 401443
2.334287e+007 6.000825e+005 2.334287e+007 4.555782e+005 401444
2.334353e+007 6.035438e+005 2.334353e+007 4.582753e+005 401445
2.334485e+007 6.104677e+005 2.334485e+007 4.636705e+005 401447
2.334550e+007 6.139301e+005 2.334551e+007 4.663685e+005 401448
2.334616e+007 6.173928e+005 2.334617e+007 4.690667e+005 401449
2.334682e+007 6.208555e+005 2.334683e+007 4.717648e+005 401450
2.334748e+007 6.243181e+005 2.334748e+007 4.744630e+005 401451
2.334814e+007 6.277804e+005 2.334814e+007 4.771609e+005 401452
2.334946e+007 6.347063e+005 2.334946e+007 4.825577e+005 401454
2.335012e+007 6.381698e+005 2.335012e+007 4.852565e+005 401455
2.335078e+007 6.416335e+005 2.335078e+007 4.879554e+005 401456
2.335209e+007 6.485614e+005 2.335210e+007 4.933538e+005 401458
2.335275e+007 6.520252e+005 2.335276e+007 4.960529e+005 401459
2.335341e+007 6.554894e+005 2.335342e+007 4.987522e+005 401460
2.335407e+007 6.589536e+005 2.335408e+007 5.014516e+005 401461
2.335473e+007 6.624178e+005 2.335474e+007 5.041510e+005 401462
2.335539e+007 6.658821e+005 2.335539e+007 5.068504e+005 401463
2.335605e+007 6.693468e+005 2.335605e+007 5.095502e+005 401464
2.335671e+007 6.728120e+005 2.335671e+007 5.122503e+005 401465
2.335737e+007 6.762777e+005 2.335737e+007 5.149509e+005 401466
2.335803e+007 6.797431e+005 2.335803e+007 5.176512e+005 401467
2.335869e+007 6.832087e+005 2.335869e+007 5.203516e+005 401468
2.335935e+007 6.866747e+005 2.335935e+007 5.230524e+005 401469
2.336001e+007 6.901401e+005 2.336001e+007 5.257527e+005 401470
2.336067e+007 6.936053e+005 2.336067e+007 5.284529e+005 401471
2.336133e+007 6.970719e+005 2.336133e+007 5.311541e+005 401472
2.336265e+007 7.040067e+005 2.336265e+007 5.365578e+005 401474
2.336331e+007 7.074744e+005 2.336331e+007 5.392599e+005 401475
2.336397e+007 7.109424e+005 2.336397e+007 5.419622e+005 401476
2.336463e+007 7.144098e+005 2.336463e+007 5.446641e+005 401477
2.336528e+007 7.178772e+005 2.336529e+007 5.473660e+005 401478
2.336594e+007 7.213451e+005 2.336595e+007 5.500682e+005 401479
2.336660e+007 7.248130e+005 2.336661e+007 5.527705e+005 401480
2.336726e+007 7.282812e+005 2.336727e+007 5.554729e+005 401481
2.336792e+007 7.317496e+005 2.336793e+007 5.581756e+005 401482
2.336858e+007 7.352181e+005 2.336859e+007 5.608783e+005 401483
2.336990e+007 7.421555e+005 2.336991e+007 5.662841e+005 401485
2.337057e+007 7.456245e+005 2.337057e+007 5.689871e+005 401486
2.337123e+007 7.490938e+005 2.337123e+007 5.716905e+005 401487
2.337189e+007 7.525628e+005 2.337189e+007 5.743936e+005 401488
2.337321e+007 7.595014e+005 2.337321e+007 5.798003e+005 401490
2.337387e+007 7.629721e+005 2.337387e+007 5.825047e+005 401491
2.337453e+007 7.664422e+005 2.337453e+007 5.852087e+005 401492
2.337519e+007 7.699126e+005 2.337519e+007 5.879129e+005 401493
2.337651e+007 7.768537e+005 2.337651e+007 5.933215e+005 401495
2.337717e+007 7.803243e+005 2.337717e+007 5.960259e+005 401496
2.337783e+007 7.837951e+005 2.337783e+007 5.987304e+005 401497
2.337849e+007 7.872666e+005 2.337849e+007 6.014354e+005 401498
2.337915e+007 7.907383e+005 2.337915e+007 6.041407e+005 401499
2.338047e+007 7.976815e+005 2.338048e+007 6.095509e+005 401501
2.338113e+007 8.011535e+005 2.338114e+007 6.122564e+005 401502
2.338179e+007 8.046258e+005 2.338180e+007 6.149620e+005 401503
2.338245e+007 8.080980e+005 2.338246e+007 6.176676e+005 401504
2.338311e+007 8.115707e+005 2.338312e+007 6.203737e+005 401505
2.338378e+007 8.150437e+005 2.338378e+007 6.230799e+005 401506
2.338444e+007 8.185166e+005 2.338444e+007 6.257860e+005 401507
2.338510e+007 8.219901e+005 2.338510e+007 6.284926e+005 401508
2.338576e+007 8.254637e+005 2.338576e+007 6.311993e+005 401509
2.338642e+007 8.289369e+005 2.338642e+007 6.339057e+005 401510
2.338708e+007 8.324102e+005 2.338708e+007 6.366122e+005 401511
2.338774e+007 8.358841e+005 2.338774e+007 6.393191e+005 401512
2.338840e+007 8.393585e+005 2.338841e+007 6.420264e+005 401513
2.338972e+007 8.463071e+005 2.338973e+007 6.474409e+005 401515
2.339039e+007 8.497811e+005 2.339039e+007 6.501479e+005 401516
2.339105e+007 8.532558e+005 2.339105e+007 6.528554e+005 401517
2.339171e+007 8.567305e+005 2.339171e+007 6.555630e+005 401518
2.339237e+007 8.602055e+005 2.339237e+007 6.582708e+005 401519
2.339303e+007 8.636811e+005 2.339303e+007 6.609790e+005 401520
2.339369e+007 8.671568e+005 2.339370e+007 6.636874e+005 401521
2.339435e+007 8.706327e+005 2.339436e+007 6.663958e+005 401522
2.339501e+007 8.741087e+005 2.339502e+007 6.691044e+005 401523
2.339568e+007 8.775846e+005 2.339568e+007 6.718129e+005 401524
2.339634e+007 8.810602e+005 2.339634e+007 6.745211e+005 401525
2.339700e+007 8.845361e+005 2.339700e+007 6.772296e+005 401526
2.339766e+007 8.880121e+005 2.339766e+007 6.799382e+005 401527
2.339832e+007 8.914884e+005 2.339833e+007 6.826469e+005 401528
2.339898e+007 8.949650e+005 2.339899e+007 6.853560e+005 401529
2.339965e+007 8.984420e+005 2.339965e+007 6.880653e+005 401530
2.340031e+007 9.019192e+005 2.340031e+007 6.907749e+005 401531
2.340097e+007 9.053967e+005 2.340097e+007 6.934846e+005 401532
2.340163e+007 9.088743e+005 2.340163e+007 6.961944e+005 401533
2.340229e+007 9.123521e+005 2.340230e+007 6.989044e+005 401534
2.340295e+007 9.158301e+005 2.340296e+007 7.016145e+005 401535
2.340362e+007 9.193081e+005 2.340362e+007 7.043246e+005 401536
2.340428e+007 9.227866e+005 2.340428e+007 7.070351e+005 401537
2.340494e+007 9.262657e+005 2.340494e+007 7.097461e+005 401538
2.340560e+007 9.297447e+005 2.340561e+007 7.124570e+005 401539
2.340626e+007 9.332236e+005 2.340627e+007 7.151678e+005 401540
2.340759e+007 9.401813e+005 2.340759e+007 7.205894e+005 401542
2.340825e+007 9.436603e+005 2.340825e+007 7.233003e+005 401543
2.340891e+007 9.471398e+005 2.340892e+007 7.260115e+005 401544
2.340957e+007 9.506195e+005 2.340958e+007 7.287230e+005 401545
2.341024e+007 9.540995e+005 2.341024e+007 7.314347e+005 401546
2.341090e+007 9.575799e+005 2.341090e+007 7.341466e+005 401547
2.341156e+007 9.610604e+005 2.341157e+007 7.368587e+005 401548
2.341222e+007 9.645409e+005 2.341223e+007 7.395708e+005 401549
2.341355e+007 9.715021e+005 2.341355e+007 7.449951e+005 401551
2.341421e+007 9.749824e+005 2.341421e+007 7.477070e+005 401552
2.341487e+007 9.784632e+005 2.341488e+007 7.504193e+005 401553
2.341554e+007 9.819447e+005 2.341554e+007 7.531322e+005 401554
2.341686e+007 9.889085e+005 2.341686e+007 7.585585e+005 401556
2.341752e+007 9.923905e+005 2.341753e+007 7.612717e+005 401557
2.341819e+007 9.958726e+005 2.341819e+007 7.639851e+005 401558
2.341951e+007 1.002837e+006 2.341952e+007 7.694121e+005 401560
2.342017e+007 1.006320e+006 2.342018e+007 7.721258e+005 401561
2.342084e+007 1.009803e+006 2.342084e+007 7.748398e+005 401562
2.342150e+007 1.013286e+006 2.342150e+007 7.775540e+005 401563
2.342216e+007 1.016769e+006 2.342217e+007 7.802683e+005 401564
2.342283e+007 1.020253e+006 2.342283e+007 7.829824e+005 401565
2.342349e+007 1.023736e+006 2.342349e+007 7.856969e+005 401566
2.342415e+007 1.027220e+006 2.342416e+007 7.884112e+005 401567
2.342481e+007 1.030703e+006 2.342482e+007 7.911255e+005 401568
2.342548e+007 1.034186e+006 2.342548e+007 7.938399e+005 401569
2.342614e+007 1.037670e+006 2.342614e+007 7.965546e+005 401570
2.342680e+007 1.041155e+006 2.342681e+007 7.992696e+005 401571
2.342813e+007 1.048124e+006 2.342813e+007 8.047003e+005 401573
2.342879e+007 1.051609e+006 2.342880e+007 8.074157e+005 401574
2.342946e+007 1.055094e+006 2.342946e+007 8.101312e+005 401575
2.343012e+007 1.058579e+006 2.343012e+007 8.128471e+005 401576
2.343078e+007 1.062065e+006 2.343079e+007 8.155631e+005 401577
2.343144e+007 1.065550e+006 2.343145e+007 8.182788e+005 401578
2.343211e+007 1.069035e+006 2.343211e+007 8.209947e+005 401579
2.343277e+007 1.072521e+006 2.343278e+007 8.237112e+005 401580
2.343343e+007 1.076007e+006 2.343344e+007 8.264275e+005 401581
2.343410e+007 1.079494e+006 2.343410e+007 8.291441e+005 401582
2.343476e+007 1.082981e+006 2.343477e+007 8.318612e+005 401583
2.343543e+007 1.086468e+006 2.343543e+007 8.345786e+005 401584
2.343609e+007 1.089955e+006 2.343609e+007 8.372960e+005 401585
2.343675e+007 1.093443e+006 2.343676e+007 8.400134e+005 401586
2.343808e+007 1.100417e+006 2.343808e+007 8.454483e+005 401588
2.343874e+007 1.103905e+006 2.343875e+007 8.481658e+005 401589
2.343941e+007 1.107393e+006 2.343941e+007 8.508834e+005 401590
2.344007e+007 1.110880e+006 2.344008e+007 8.536011e+005 401591
2.344073e+007 1.114368e+006 2.344074e+007 8.563189e+005 401592
2.344206e+007 1.121344e+006 2.344207e+007 8.617546e+005 401594
2.344273e+007 1.124832e+006 2.344273e+007 8.644728e+005 401595
2.344405e+007 1.131809e+006 2.344406e+007 8.699095e+005 401597
2.344472e+007 1.135298e+006 2.344472e+007 8.726281e+005 401598
2.344538e+007 1.138787e+006 2.344539e+007 8.753468e+005 401599
2.344605e+007 1.142277e+006 2.344605e+007 8.780659e+005 401600
2.344671e+007 1.145767e+006 2.344671e+007 8.807854e+005 401601
2.344737e+007 1.149257e+006 2.344738e+007 8.835051e+005 401602
2.344804e+007 1.152747e+006 2.344804e+007 8.862247e+005 401603
2.344870e+007 1.156237e+006 2.344871e+007 8.889441e+005 401604
2.345003e+007 1.163218e+006 2.345004e+007 8.943833e+005 401606
2.345069e+007 1.166708e+006 2.345070e+007 8.971033e+005 401607
2.345136e+007 1.170199e+006 2.345136e+007 8.998236e+005 401608
2.345202e+007 1.173691e+006 2.345203e+007 9.025440e+005 401609
2.345269e+007 1.177182e+006 2.345269e+007 9.052643e+005 401610
2.345335e+007 1.180672e+006 2.345336e+007 9.079844e+005 401611
2.345402e+007 1.184164e+006 2.345402e+007 9.107049e+005 401612
2.345468e+007 1.187655e+006 2.345469e+007 9.134255e+005 401613
2.345534e+007 1.191147e+006 2.345535e+007 9.161462e+005 401614
2.345601e+007 1.194639e+006 2.345601e+007 9.188674e+005 401615
2.345667e+007 1.198131e+006 2.345668e+007 9.215886e+005 401616
2.345734e+007 1.201623e+006 2.345734e+007 9.243098e+005 401617
2.345800e+007 1.205116e+006 2.345801e+007 9.270312e+005 401618
2.345933e+007 1.212102e+006 2.345934e+007 9.324750e+005 401620
2.346000e+007 1.215595e+006 2.346000e+007 9.351969e+005 401621
2.346066e+007 1.219088e+006 2.346067e+007 9.379187e+005 401622
2.346133e+007 1.222581e+006 2.346133e+007 9.406406e+005 401623
2.346199e+007 1.226075e+006 2.346200e+007 9.433627e+005 401624
2.346266e+007 1.229569e+006 2.346266e+007 9.460852e+005 401625
2.346332e+007 1.233063e+006 2.346333e+007 9.488078e+005 401626
2.346399e+007 1.236557e+006 2.346399e+007 9.515308e+005 401627
2.346465e+007 1.240051e+006 2.346466e+007 9.542535e+005 401628
2.346532e+007 1.243546e+006 2.346532e+007 9.569763e+005 401629
2.346598e+007 1.247040e+006 2.346599e+007 9.596995e+005 401630
2.346665e+007 1.250535e+006 2.346665e+007 9.624227e+005 401631
2.346731e+007 1.254030e+006 2.346732e+007 9.651459e+005 401632
2.346798e+007 1.257525e+006 2.346798e+007 9.678693e+005 401633
2.346864e+007 1.261020e+006 2.346865e+007 9.705930e+005 401634
2.346997e+007 1.268012e+006 2.346998e+007 9.760409e+005 401636
2.347064e+007 1.271508e+006 2.347064e+007 9.787651e+005 401637
2.347130e+007 1.275003e+006 2.347131e+007 9.814889e+005 401638
2.347197e+007 1.278499e+006 2.347197e+007 9.842129e+005 401639
2.347263e+007 1.281995e+006 2.347264e+007 9.869371e+005 401640
2.347330e+007 1.285492e+006 2.347330e+007 9.896615e+005 401641
2.347396e+007 1.288988e+006 2.347397e+007 9.923861e+005 401642
2.347529e+007 1.295983e+006 2.347530e+007 9.978366e+005 401644
2.347596e+007 1.299481e+006 2.347597e+007 1.000562e+006 401645
2.347663e+007 1.302978e+006 2.347663e+007 1.003287e+006 401646
2.347729e+007 1.306476e+006 2.347730e+007 1.006013e+006 401647
2.347796e+007 1.309973e+006 2.347796e+007 1.008738e+006 401648
2.347862e+007 1.313471e+006 2.347863e+007 1.011464e+006 401649
2.347929e+007 1.316969e+006 2.347929e+007 1.014189e+006 401650
2.347995e+007 1.320468e+006 2.347996e+007 1.016916e+006 401651
2.348062e+007 1.323966e+006 2.348063e+007 1.019642e+006 401652
2.348129e+007 1.327465e+006 2.348129e+007 1.022368e+006 401653
2.348262e+007 1.334463e+006 2.348262e+007 1.027821e+006 401655
2.348395e+007 1.341461e+006 2.348395e+007 1.033274e+006 401657
2.348462e+007 1.344961e+006 2.348462e+007 1.036001e+006 401658
2.348528e+007 1.348460e+006 2.348529e+007 1.038728e+006 401659
2.348595e+007 1.351960e+006 2.348595e+007 1.041455e+006 401660
2.348661e+007 1.355459e+006 2.348662e+007 1.044182e+006 401661
2.348728e+007 1.358960e+006 2.348728e+007 1.046909e+006 401662
2.348861e+007 1.365961e+006 2.348862e+007 1.052365e+006 401664
2.348928e+007 1.369462e+006 2.348928e+007 1.055093e+006 401665
2.348994e+007 1.372964e+006 2.348995e+007 1.057821e+006 401666
2.349061e+007 1.376465e+006 2.349062e+007 1.060550e+006 401667
2.349128e+007 1.379966e+006 2.349128e+007 1.063278e+006 401668
2.349194e+007 1.383468e+006 2.349195e+007 1.066006e+006 401669
2.349261e+007 1.386969e+006 2.349261e+007 1.068734e+006 401670
2.349328e+007 1.390470e+006 2.349328e+007 1.071462e+006 401671
2.349394e+007 1.393972e+006 2.349395e+007 1.074191e+006 401672
2.349461e+007 1.397474e+006 2.349461e+007 1.076920e+006 401673
2.349528e+007 1.400976e+006 2.349528e+007 1.079649e+006 401674
2.349594e+007 1.404478e+006 2.349595e+007 1.082378e+006 401675
2.349661e+007 1.407980e+006 2.349661e+007 1.085107e+006 401676
2.349727e+007 1.411483e+006 2.349728e+007 1.087836e+006 401677
2.349794e+007 1.414985e+006 2.349795e+007 1.090565e+006 401678
2.349861e+007 1.418488e+006 2.349861e+007 1.093295e+006 401679
2.349927e+007 1.421991e+006 2.349928e+007 1.096025e+006 401680
2.349994e+007 1.425495e+006 2.349995e+007 1.098754e+006 401681
2.350061e+007 1.428998e+006 2.350061e+007 1.101484e+006 401682
2.350127e+007 1.432502e+006 2.350128e+007 1.104215e+006 401683
2.350194e+007 1.436006e+006 2.350195e+007 1.106945e+006 401684
2.350261e+007 1.439511e+006 2.350261e+007 1.109676e+006 401685
2.350327e+007 1.443015e+006 2.350328e+007 1.112406e+006 401686
2.350394e+007 1.446520e+006 2.350395e+007 1.115137e+006 401687
2.350461e+007 1.450024e+006 2.350461e+007 1.117868e+006 401688
2.350528e+007 1.453529e+006 2.350528e+007 1.120600e+006 401689
2.350594e+007 1.457035e+006 2.350595e+007 1.123331e+006 401690
2.350661e+007 1.460540e+006 2.350662e+007 1.126063e+006 401691
2.350728e+007 1.464046e+006 2.350728e+007 1.128794e+006 401692
2.350794e+007 1.467552e+006 2.350795e+007 1.131526e+006 401693
2.350861e+007 1.471057e+006 2.350862e+007 1.134258e+006 401694
2.350928e+007 1.474563e+006 2.350928e+007 1.136989e+006 401695
2.350995e+007 1.478069e+006 2.350995e+007 1.139721e+006 401696
2.351061e+007 1.481574e+006 2.351062e+007 1.142453e+006 401697
2.351128e+007 1.485080e+006 2.351129e+007 1.145185e+006 401698
2.351195e+007 1.488587e+006 2.351195e+007 1.147917e+006 401699
2.351261e+007 1.492094e+006 2.351262e+007 1.150650e+006 401700
2.351328e+007 1.495601e+006 2.351329e+007 1.153383e+006 401701
2.351395e+007 1.499108e+006 2.351395e+007 1.156116e+006 401702
2.351462e+007 1.502615e+006 2.351462e+007 1.158848e+006 401703
2.351528e+007 1.506122e+006 2.351529e+007 1.161581e+006 401704
2.351595e+007 1.509630e+006 2.351596e+007 1.164314e+006 401705
2.351729e+007 1.516645e+006 2.351729e+007 1.169780e+006 401707
2.351795e+007 1.520153e+006 2.351796e+007 1.172514e+006 401708
2.351862e+007 1.523661e+006 2.351863e+007 1.175247e+006 401709
2.351929e+007 1.527169e+006 2.351929e+007 1.177981e+006 401710
2.351996e+007 1.530677e+006 2.351996e+007 1.180715e+006 401711
2.352062e+007 1.534186e+006 2.352063e+007 1.183448e+006 401712
2.352129e+007 1.537695e+006 2.352130e+007 1.186183e+006 401713
2.352196e+007 1.541204e+006 2.352197e+007 1.188917e+006 401714
2.352263e+007 1.544713e+006 2.352263e+007 1.191652e+006 401715
2.352330e+007 1.548223e+006 2.352330e+007 1.194386e+006 401716
2.352396e+007 1.551732e+006 2.352397e+007 1.197121e+006 401717
2.352463e+007 1.555241e+006 2.352464e+007 1.199855e+006 401718
2.352530e+007 1.558751e+006 2.352530e+007 1.202590e+006 401719
2.352597e+007 1.562261e+006 2.352597e+007 1.205325e+006 401720
2.352730e+007 1.569282e+006 2.352731e+007 1.210796e+006 401722
2.352797e+007 1.572793e+006 2.352798e+007 1.213532e+006 401723
2.352864e+007 1.576303e+006 2.352864e+007 1.216267e+006 401724
2.352931e+007 1.579814e+006 2.352931e+007 1.219003e+006 401725
2.352998e+007 1.583325e+006 2.352998e+007 1.221739e+006 401726
2.353131e+007 1.590347e+006 2.353132e+007 1.227211e+006 401728
2.353198e+007 1.593859e+006 2.353199e+007 1.229947e+006 401729
2.353332e+007 1.600883e+006 2.353332e+007 1.235420e+006 401731
2.353399e+007 1.604395e+006 2.353399e+007 1.238157e+006 401732
2.353465e+007 1.607907e+006 2.353466e+007 1.240894e+006 401733
2.353532e+007 1.611419e+006 2.353533e+007 1.243630e+006 401734
2.353599e+007 1.614932e+006 2.353600e+007 1.246367e+006 401735
2.353666e+007 1.618445e+006 2.353666e+007 1.249105e+006 401736
2.353733e+007 1.621958e+006 2.353733e+007 1.251842e+006 401737
2.353800e+007 1.625471e+006 2.353800e+007 1.254580e+006 401738
2.353866e+007 1.628985e+006 2.353867e+007 1.257318e+006 401739
2.353933e+007 1.632498e+006 2.353934e+007 1.260055e+006 401740
2.354000e+007 1.636012e+006 2.354001e+007 1.262793e+006 401741
2.354067e+007 1.639525e+006 2.354068e+007 1.265531e+006 401742
2.354134e+007 1.643039e+006 2.354134e+007 1.268269e+006 401743
2.354201e+007 1.646553e+006 2.354201e+007 1.271007e+006 401744
2.354268e+007 1.650067e+006 2.354268e+007 1.273745e+006 401745
2.354335e+007 1.653581e+006 2.354335e+007 1.276484e+006 401746
2.354401e+007 1.657096e+006 2.354402e+007 1.279222e+006 401747
2.354468e+007 1.660611e+006 2.354469e+007 1.281961e+006 401748
2.354535e+007 1.664126e+006 2.354536e+007 1.284700e+006 401749
2.354602e+007 1.667641e+006 2.354603e+007 1.287439e+006 401750
2.354669e+007 1.671156e+006 2.354670e+007 1.290178e+006 401751
2.354803e+007 1.678186e+006 2.354803e+007 1.295656e+006 401753
2.354870e+007 1.681701e+006 2.354870e+007 1.298395e+006 401754
2.354937e+007 1.685217e+006 2.354937e+007 1.301134e+006 401755
2.355003e+007 1.688733e+006 2.355004e+007 1.303874e+006 401756
2.355070e+007 1.692249e+006 2.355071e+007 1.306614e+006 401757
2.355137e+007 1.695766e+006 2.355138e+007 1.309355e+006 401758
2.355204e+007 1.699284e+006 2.355205e+007 1.312096e+006 401759
2.355271e+007 1.702800e+006 2.355272e+007 1.314836e+006 401760
2.355338e+007 1.706318e+006 2.355339e+007 1.317577e+006 401761
2.355405e+007 1.709835e+006 2.355406e+007 1.320317e+006 401762
2.355472e+007 1.713352e+006 2.355472e+007 1.323058e+006 401763
2.355606e+007 1.720387e+006 2.355606e+007 1.328539e+006 401765
2.355673e+007 1.723905e+006 2.355673e+007 1.331281e+006 401766
2.355740e+007 1.727423e+006 2.355740e+007 1.334022e+006 401767
2.355807e+007 1.730941e+006 2.355807e+007 1.336763e+006 401768
2.355874e+007 1.734459e+006 2.355874e+007 1.339505e+006 401769
2.355941e+007 1.737977e+006 2.355941e+007 1.342246e+006 401770
2.356007e+007 1.741495e+006 2.356008e+007 1.344987e+006 401771
2.356074e+007 1.745013e+006 2.356075e+007 1.347729e+006 401772
2.356141e+007 1.748532e+006 2.356142e+007 1.350471e+006 401773
2.356208e+007 1.752051e+006 2.356209e+007 1.353213e+006 401774
2.356275e+007 1.755569e+006 2.356276e+007 1.355954e+006 401775
2.356342e+007 1.759089e+006 2.356343e+007 1.358697e+006 401776
2.356409e+007 1.762608e+006 2.356410e+007 1.361439e+006 401777
2.356476e+007 1.766128e+006 2.356477e+007 1.364182e+006 401778
2.356543e+007 1.769647e+006 2.356544e+007 1.366924e+006 401779
2.356610e+007 1.773168e+006 2.356611e+007 1.369668e+006 401780
2.356677e+007 1.776688e+006 2.356678e+007 1.372411e+006 401781
2.356811e+007 1.783729e+006 2.356812e+007 1.377897e+006 401783
2.356878e+007 1.787251e+006 2.356879e+007 1.380641e+006 401784
2.356945e+007 1.790773e+006 2.356946e+007 1.383386e+006 401785
2.357012e+007 1.794295e+006 2.357013e+007 1.386130e+006 401786
2.357079e+007 1.797816e+006 2.357080e+007 1.388874e+006 401787
2.357146e+007 1.801338e+006 2.357147e+007 1.391618e+006 401788
2.357213e+007 1.804859e+006 2.357214e+007 1.394362e+006 401789
2.357280e+007 1.808381e+006 2.357281e+007 1.397106e+006 401790
2.357347e+007 1.811903e+006 2.357348e+007 1.399851e+006 401791
2.357414e+007 1.815425e+006 2.357415e+007 1.402595e+006 401792
2.357481e+007 1.818946e+006 2.357482e+007 1.405339e+006 401793
2.357548e+007 1.822468e+006 2.357549e+007 1.408083e+006 401794
2.357615e+007 1.825991e+006 2.357616e+007 1.410828e+006 401795
2.357682e+007 1.829513e+006 2.357683e+007 1.413573e+006 401796
2.357749e+007 1.833036e+006 2.357750e+007 1.416318e+006 401797
2.357817e+007 1.836559e+006 2.357817e+007 1.419063e+006 401798
2.357884e+007 1.840082e+006 2.357884e+007 1.421809e+006 401799
2.357951e+007 1.843606e+006 2.357951e+007 1.424554e+006 401800
2.358018e+007 1.847129e+006 2.358018e+007 1.427299e+006 401801
2.358085e+007 1.850652e+006 2.358085e+007 1.430045e+006 401802
2.358152e+007 1.854176e+006 2.358152e+007 1.432790e+006 401803
2.358219e+007 1.857699e+006 2.358219e+007 1.435536e+006 401804
2.358286e+007 1.861223e+006 2.358286e+007 1.438282e+006 401805
2.358353e+007 1.864748e+006 2.358354e+007 1.441028e+006 401806
2.358420e+007 1.868272e+006 2.358421e+007 1.443775e+006 401807
2.358487e+007 1.871797e+006 2.358488e+007 1.446521e+006 401808
2.358554e+007 1.875322e+006 2.358555e+007 1.449268e+006 401809
2.358621e+007 1.878847e+006 2.358622e+007 1.452015e+006 401810
2.358688e+007 1.882372e+006 2.358689e+007 1.454761e+006 401811
2.358755e+007 1.885897e+006 2.358756e+007 1.457508e+006 401812
2.358822e+007 1.889423e+006 2.358823e+007 1.460256e+006 401813
2.358890e+007 1.892949e+006 2.358890e+007 1.463003e+006 401814
2.358957e+007 1.896474e+006 2.358957e+007 1.465750e+006 401815
2.359024e+007 1.900000e+006 2.359024e+007 1.468497e+006 401816
2.359091e+007 1.903526e+006 2.359091e+007 1.471245e+006 401817
2.359158e+007 1.907052e+006 2.359159e+007 1.473992e+006 401818
2.359225e+007 1.910578e+006 2.359226e+007 1.476740e+006 401819
2.359292e+007 1.914104e+006 2.359293e+007 1.479488e+006 401820
2.359359e+007 1.917631e+006 2.359360e+007 1.482236e+006 401821
2.359426e+007 1.921158e+006 2.359427e+007 1.484984e+006 401822
2.359493e+007 1.924685e+006 2.359494e+007 1.487733e+006 401823
2.359561e+007 1.928213e+006 2.359561e+007 1.490481e+006 401824
2.359628e+007 1.931740e+006 2.359628e+007 1.493230e+006 401825
2.359695e+007 1.935268e+006 2.359696e+007 1.495979e+006 401826
2.359762e+007 1.938796e+006 2.359763e+007 1.498728e+006 401827
2.359829e+007 1.942324e+006 2.359830e+007 1.501477e+006 401828
2.359963e+007 1.949379e+006 2.359964e+007 1.506974e+006 401830
2.360031e+007 1.952907e+006 2.360031e+007 1.509724e+006 401831
2.360098e+007 1.956435e+006 2.360098e+007 1.512473e+006 401832
2.360165e+007 1.959964e+006 2.360165e+007 1.515222e+006 401833
2.360232e+007 1.963492e+006 2.360233e+007 1.517972e+006 401834
2.360299e+007 1.967021e+006 2.360300e+007 1.520722e+006 401835
2.360366e+007 1.970550e+006 2.360367e+007 1.523472e+006 401836
2.360433e+007 1.974080e+006 2.360434e+007 1.526222e+006 401837
2.360568e+007 1.981139e+006 2.360568e+007 1.531722e+006 401839
2.360635e+007 1.984668e+006 2.360636e+007 1.534472e+006 401840
2.360702e+007 1.988198e+006 2.360703e+007 1.537223e+006 401841
2.360769e+007 1.991727e+006 2.360770e+007 1.539973e+006 401842
2.360836e+007 1.995257e+006 2.360837e+007 1.542724e+006 401843
2.360904e+007 1.998788e+006 2.360904e+007 1.545475e+006 401844
2.360971e+007 2.002318e+006 2.360971e+007 1.548225e+006 401845
2.361038e+007 2.005848e+006 2.361039e+007 1.550976e+006 401846
2.361105e+007 2.009379e+006 2.361106e+007 1.553728e+006 401847
2.361172e+007 2.012911e+006 2.361173e+007 1.556479e+006 401848
2.361240e+007 2.016442e+006 2.361240e+007 1.559231e+006 401849
2.361374e+007 2.023505e+006 2.361375e+007 1.564735e+006 401851
2.361441e+007 2.027036e+006 2.361442e+007 1.567486e+006 401852
2.361508e+007 2.030568e+006 2.361509e+007 1.570238e+006 401853
2.361576e+007 2.034100e+006 2.361576e+007 1.572990e+006 401854
2.361643e+007 2.037632e+006 2.361643e+007 1.575743e+006 401855
2.361710e+007 2.041165e+006 2.361711e+007 1.578496e+006 401856
2.361777e+007 2.044697e+006 2.361778e+007 1.581248e+006 401857
2.361844e+007 2.048230e+006 2.361845e+007 1.584001e+006 401858
2.361912e+007 2.051763e+006 2.361912e+007 1.586754e+006 401859
2.361979e+007 2.055296e+006 2.361980e+007 1.589507e+006 401860
2.362046e+007 2.058829e+006 2.362047e+007 1.592260e+006 401861
2.362113e+007 2.062362e+006 2.362114e+007 1.595013e+006 401862
2.362181e+007 2.065895e+006 2.362181e+007 1.597766e+006 401863
2.362248e+007 2.069429e+006 2.362249e+007 1.600519e+006 401864
2.362315e+007 2.072962e+006 2.362316e+007 1.603273e+006 401865
2.362382e+007 2.076496e+006 2.362383e+007 1.606027e+006 401866
2.362450e+007 2.080030e+006 2.362450e+007 1.608780e+006 401867
2.362517e+007 2.083564e+006 2.362518e+007 1.611534e+006 401868
2.362584e+007 2.087099e+006 2.362585e+007 1.614288e+006 401869
2.362651e+007 2.090634e+006 2.362652e+007 1.617042e+006 401870
2.362719e+007 2.094169e+006 2.362719e+007 1.619797e+006 401871
2.362786e+007 2.097704e+006 2.362787e+007 1.622552e+006 401872
2.362920e+007 2.104774e+006 2.362921e+007 1.628061e+006 401874
2.362988e+007 2.108309e+006 2.362988e+007 1.630816e+006 401875
2.363055e+007 2.111845e+006 2.363056e+007 1.633571e+006 401876
2.363122e+007 2.115380e+006 2.363123e+007 1.636326e+006 401877
2.363257e+007 2.122451e+006 2.363258e+007 1.641835e+006 401879
2.363324e+007 2.125987e+006 2.363325e+007 1.644591e+006 401880
2.363391e+007 2.129523e+006 2.363392e+007 1.647346e+006 401881
2.363526e+007 2.136596e+006 2.363527e+007 1.652857e+006 401883
2.363593e+007 2.140133e+006 2.363594e+007 1.655613e+006 401884
2.363661e+007 2.143670e+006 2.363661e+007 1.658369e+006 401885
2.363728e+007 2.147207e+006 2.363729e+007 1.661126e+006 401886
2.363795e+007 2.150745e+006 2.363796e+007 1.663882e+006 401887
2.363863e+007 2.154282e+006 2.363863e+007 1.666639e+006 401888
2.363930e+007 2.157820e+006 2.363931e+007 1.669395e+006 401889
2.363997e+007 2.161357e+006 2.363998e+007 1.672152e+006 401890
2.364065e+007 2.164895e+006 2.364065e+007 1.674909e+006 401891
2.364132e+007 2.168434e+006 2.364133e+007 1.677666e+006 401892
2.364199e+007 2.171972e+006 2.364200e+007 1.680423e+006 401893
2.364267e+007 2.175510e+006 2.364267e+007 1.683180e+006 401894
2.364334e+007 2.179049e+006 2.364335e+007 1.685937e+006 401895
2.364401e+007 2.182588e+006 2.364402e+007 1.688695e+006 401896
2.364469e+007 2.186127e+006 2.364469e+007 1.691452e+006 401897
2.364536e+007 2.189666e+006 2.364537e+007 1.694210e+006 401898
2.364603e+007 2.193204e+006 2.364604e+007 1.696967e+006 401899
2.364671e+007 2.196744e+006 2.364671e+007 1.699725e+006 401900
2.364738e+007 2.200283e+006 2.364739e+007 1.702483e+006 401901
2.364805e+007 2.203823e+006 2.364806e+007 1.705241e+006 401902
2.364873e+007 2.207363e+006 2.364873e+007 1.708000e+006 401903
2.364940e+007 2.210902e+006 2.364941e+007 1.710758e+006 401904
2.365007e+007 2.214442e+006 2.365008e+007 1.713516e+006 401905
2.365075e+007 2.217981e+006 2.365075e+007 1.716274e+006 401906
2.365142e+007 2.221521e+006 2.365143e+007 1.719032e+006 401907
2.365277e+007 2.228603e+006 2.365278e+007 1.724550e+006 401909
2.365344e+007 2.232144e+006 2.365345e+007 1.727310e+006 401910
2.365412e+007 2.235685e+006 2.365412e+007 1.730069e+006 401911
2.365479e+007 2.239226e+006 2.365480e+007 1.732828e+006 401912
2.365546e+007 2.242767e+006 2.365547e+007 1.735588e+006 401913
2.365614e+007 2.246309e+006 2.365614e+007 1.738348e+006 401914
2.365681e+007 2.249851e+006 2.365682e+007 1.741107e+006 401915
2.365749e+007 2.253392e+006 2.365749e+007 1.743867e+006 401916
2.365816e+007 2.256934e+006 2.365817e+007 1.746627e+006 401917
2.365883e+007 2.260476e+006 2.365884e+007 1.749387e+006 401918
2.365951e+007 2.264019e+006 2.365951e+007 1.752147e+006 401919
2.366018e+007 2.267561e+006 2.366019e+007 1.754908e+006 401920
2.366086e+007 2.271104e+006 2.366086e+007 1.757668e+006 401921
2.366153e+007 2.274646e+006 2.366154e+007 1.760429e+006 401922
2.366220e+007 2.278189e+006 2.366221e+007 1.763189e+006 401923
2.366288e+007 2.281732e+006 2.366289e+007 1.765950e+006 401924
2.366355e+007 2.285275e+006 2.366356e+007 1.768711e+006 401925
2.366423e+007 2.288819e+006 2.366423e+007 1.771472e+006 401926
2.366490e+007 2.292363e+006 2.366491e+007 1.774233e+006 401927
2.366558e+007 2.295907e+006 2.366558e+007 1.776995e+006 401928
2.366625e+007 2.299451e+006 2.366626e+007 1.779757e+006 401929
2.366692e+007 2.302995e+006 2.366693e+007 1.782519e+006 401930
2.366760e+007 2.306539e+006 2.366761e+007 1.785280e+006 401931
2.366895e+007 2.313628e+006 2.366895e+007 1.790804e+006 401933
2.366962e+007 2.317172e+006 2.366963e+007 1.793565e+006 401934
2.367030e+007 2.320717e+006 2.367030e+007 1.796328e+006 401935
2.367097e+007 2.324262e+006 2.367098e+007 1.799090e+006 401936
2.367165e+007 2.327807e+006 2.367165e+007 1.801853e+006 401937
2.367300e+007 2.334898e+006 2.367300e+007 1.807378e+006 401939
2.368109e+007 2.377452e+006 2.368110e+007 1.840536e+006 401951
2.369393e+007 2.444915e+006 2.369394e+007 1.893105e+006 401970
2.369461e+007 2.448468e+006 2.369461e+007 1.895873e+006 401971
2.369731e+007 2.462672e+006 2.369732e+007 1.906941e+006 401975
2.370542e+007 2.505287e+006 2.370543e+007 1.940148e+006 401987
2.370610e+007 2.508840e+006 2.370610e+007 1.942916e+006 401988
2.371151e+007 2.537270e+006 2.371151e+007 1.965070e+006 401996
2.371286e+007 2.544379e+006 2.371287e+007 1.970609e+006 401998
2.371421e+007 2.551487e+006 2.371422e+007 1.976148e+006 402000
2.371557e+007 2.558596e+006 2.371557e+007 1.981687e+006 402002
2.371624e+007 2.562151e+006 2.371625e+007 1.984458e+006 402003
2.371692e+007 2.565706e+006 2.371692e+007 1.987228e+006 402004
2.371759e+007 2.569261e+006 2.371760e+007 1.989998e+006 402005
2.371827e+007 2.572817e+006 2.371828e+007 1.992768e+006 402006
2.371895e+007 2.576372e+006 2.371895e+007 1.995539e+006 402007
2.371962e+007 2.579928e+006 2.371963e+007 1.998309e+006 402008
2.372030e+007 2.583483e+006 2.372031e+007 2.001080e+006 402009
2.372098e+007 2.587040e+006 2.372098e+007 2.003851e+006 402010
2.372165e+007 2.590596e+006 2.372166e+007 2.006622e+006 402011
2.372233e+007 2.594153e+006 2.372234e+007 2.009393e+006 402012
2.372301e+007 2.597710e+006 2.372301e+007 2.012165e+006 402013
2.372369e+007 2.601267e+006 2.372369e+007 2.014937e+006 402014
2.372436e+007 2.604824e+006 2.372437e+007 2.017709e+006 402015
2.372504e+007 2.608382e+006 2.372505e+007 2.020481e+006 402016
2.372572e+007 2.611939e+006 2.372572e+007 2.023253e+006 402017
2.372639e+007 2.615496e+006 2.372640e+007 2.026025e+006 402018
2.372707e+007 2.619053e+006 2.372708e+007 2.028797e+006 402019
2.372775e+007 2.622611e+006 2.372775e+007 2.031569e+006 402020
2.372842e+007 2.626168e+006 2.372843e+007 2.034341e+006 402021
2.372910e+007 2.629726e+006 2.372911e+007 2.037113e+006 402022
2.372978e+007 2.633284e+006 2.372978e+007 2.039886e+006 402023
2.373046e+007 2.636843e+006 2.373046e+007 2.042658e+006 402024
2.373113e+007 2.640401e+006 2.373114e+007 2.045431e+006 402025
2.373181e+007 2.643960e+006 2.373182e+007 2.048204e+006 402026
2.373249e+007 2.647519e+006 2.373249e+007 2.050977e+006 402027
2.373316e+007 2.651077e+006 2.373317e+007 2.053750e+006 402028
2.373384e+007 2.654636e+006 2.373385e+007 2.056524e+006 402029
2.373452e+007 2.658196e+006 2.373452e+007 2.059297e+006 402030
2.373520e+007 2.661756e+006 2.373520e+007 2.062071e+006 402031
2.373587e+007 2.665315e+006 2.373588e+007 2.064845e+006 402032
2.373655e+007 2.668875e+006 2.373656e+007 2.067619e+006 402033
2.373723e+007 2.672435e+006 2.373723e+007 2.070393e+006 402034
2.373791e+007 2.675995e+006 2.373791e+007 2.073167e+006 402035
2.373858e+007 2.679555e+006 2.373859e+007 2.075940e+006 402036
2.373926e+007 2.683115e+006 2.373927e+007 2.078714e+006 402037
2.373994e+007 2.686675e+006 2.373994e+007 2.081489e+006 402038
2.374062e+007 2.690236e+006 2.374062e+007 2.084263e+006 402039
2.374129e+007 2.693796e+006 2.374130e+007 2.087038e+006 402040
2.374197e+007 2.697357e+006 2.374198e+007 2.089812e+006 402041
2.374265e+007 2.700918e+006 2.374266e+007 2.092587e+006 402042
2.374333e+007 2.704479e+006 2.374333e+007 2.095362e+006 402043
2.374400e+007 2.708040e+006 2.374401e+007 2.098137e+006 402044
2.374468e+007 2.711601e+006 2.374469e+007 2.100912e+006 402045
2.374536e+007 2.715162e+006 2.374537e+007 2.103686e+006 402046
2.374604e+007 2.718724e+006 2.374604e+007 2.106462e+006 402047
2.374671e+007 2.722286e+006 2.374672e+007 2.109237e+006 402048
2.374739e+007 2.725848e+006 2.374740e+007 2.112013e+006 402049
2.374807e+007 2.729410e+006 2.374808e+007 2.114788e+006 402050
2.374875e+007 2.732972e+006 2.374876e+007 2.117564e+006 402051
2.374943e+007 2.736534e+006 2.374943e+007 2.120340e+006 402052
2.375010e+007 2.740097e+006 2.375011e+007 2.123116e+006 402053
2.375078e+007 2.743660e+006 2.375079e+007 2.125892e+006 402054
2.375146e+007 2.747223e+006 2.375147e+007 2.128669e+006 402055
2.375214e+007 2.750786e+006 2.375215e+007 2.131445e+006 402056
2.375282e+007 2.754349e+006 2.375282e+007 2.134221e+006 402057
2.375349e+007 2.757912e+006 2.375350e+007 2.136998e+006 402058
2.375417e+007 2.761476e+006 2.375418e+007 2.139775e+006 402059
2.375485e+007 2.765039e+006 2.375486e+007 2.142551e+006 402060
2.375553e+007 2.768603e+006 2.375554e+007 2.145328e+006 402061
2.375621e+007 2.772167e+006 2.375621e+007 2.148105e+006 402062
2.375688e+007 2.775730e+006 2.375689e+007 2.150882e+006 402063
2.375756e+007 2.779294e+006 2.375757e+007 2.153659e+006 402064
2.375824e+007 2.782859e+006 2.375825e+007 2.156437e+006 402065
2.375892e+007 2.786424e+006 2.375893e+007 2.159214e+006 402066
2.375960e+007 2.789988e+006 2.375961e+007 2.161992e+006 402067
2.376028e+007 2.793553e+006 2.376028e+007 2.164770e+006 402068
2.376095e+007 2.797118e+006 2.376096e+007 2.167548e+006 402069
2.376163e+007 2.800682e+006 2.376164e+007 2.170325e+006 402070
2.376231e+007 2.804247e+006 2.376232e+007 2.173103e+006 402071
2.376299e+007 2.807812e+006 2.376300e+007 2.175881e+006 402072
2.376367e+007 2.811378e+006 2.376368e+007 2.178659e+006 402073
2.376435e+007 2.814944e+006 2.376435e+007 2.181438e+006 402074
2.376503e+007 2.818509e+006 2.376503e+007 2.184216e+006 402075
2.376570e+007 2.822075e+006 2.376571e+007 2.186994e+006 402076
2.376638e+007 2.825640e+006 2.376639e+007 2.189773e+006 402077
2.376706e+007 2.829206e+006 2.376707e+007 2.192552e+006 402078
2.376774e+007 2.832773e+006 2.376775e+007 2.195331e+006 402079
2.376842e+007 2.836340e+006 2.376843e+007 2.198110e+006 402080
2.376910e+007 2.839906e+006 2.376911e+007 2.200889e+006 402081
2.376978e+007 2.843473e+006 2.376978e+007 2.203668e+006 402082
2.377045e+007 2.847040e+006 2.377046e+007 2.206448e+006 402083
2.377113e+007 2.850607e+006 2.377114e+007 2.209227e+006 402084
2.377181e+007 2.854174e+006 2.377182e+007 2.212007e+006 402085
2.377249e+007 2.857742e+006 2.377250e+007 2.214787e+006 402086
2.377317e+007 2.861309e+006 2.377318e+007 2.217567e+006 402087
2.377385e+007 2.864877e+006 2.377386e+007 2.220347e+006 402088
2.377453e+007 2.868445e+006 2.377454e+007 2.223127e+006 402089
2.377521e+007 2.872012e+006 2.377522e+007 2.225907e+006 402090
2.377589e+007 2.875580e+006 2.377589e+007 2.228687e+006 402091
2.377656e+007 2.879148e+006 2.377657e+007 2.231467e+006 402092
2.377724e+007 2.882716e+006 2.377725e+007 2.234247e+006 402093
2.377792e+007 2.886284e+006 2.377793e+007 2.237028e+006 402094
2.377860e+007 2.889853e+006 2.377861e+007 2.239808e+006 402095
2.377928e+007 2.893422e+006 2.377929e+007 2.242590e+006 402096
2.377996e+007 2.896991e+006 2.377997e+007 2.245371e+006 402097
2.378064e+007 2.900560e+006 2.378065e+007 2.248152e+006 402098
2.378132e+007 2.904130e+006 2.378133e+007 2.250933e+006 402099
2.378200e+007 2.907699e+006 2.378201e+007 2.253715e+006 402100
2.378268e+007 2.911269e+006 2.378269e+007 2.256496e+006 402101
2.378336e+007 2.914838e+006 2.378336e+007 2.259277e+006 402102
2.378404e+007 2.918408e+006 2.378404e+007 2.262059e+006 402103
2.378472e+007 2.921978e+006 2.378472e+007 2.264841e+006 402104
2.378539e+007 2.925549e+006 2.378540e+007 2.267623e+006 402105
2.378607e+007 2.929119e+006 2.378608e+007 2.270406e+006 402106
2.378675e+007 2.932690e+006 2.378676e+007 2.273188e+006 402107
2.378811e+007 2.939831e+006 2.378812e+007 2.278753e+006 402109
2.378879e+007 2.943402e+006 2.378880e+007 2.281535e+006 402110
2.378947e+007 2.946973e+006 2.378948e+007 2.284317e+006 402111
2.379015e+007 2.950543e+006 2.379016e+007 2.287100e+006 402112
2.379083e+007 2.954115e+006 2.379084e+007 2.289882e+006 402113
2.379151e+007 2.957686e+006 2.379152e+007 2.292665e+006 402114
2.379287e+007 2.964828e+006 2.379288e+007 2.298230e+006 402116
2.379355e+007 2.968399e+006 2.379356e+007 2.301013e+006 402117
2.379423e+007 2.971971e+006 2.379424e+007 2.303796e+006 402118
2.379559e+007 2.979115e+006 2.379560e+007 2.309363e+006 402120
2.379627e+007 2.982687e+006 2.379628e+007 2.312147e+006 402121
2.379695e+007 2.986260e+006 2.379696e+007 2.314931e+006 402122
2.379763e+007 2.989833e+006 2.379764e+007 2.317715e+006 402123
2.379831e+007 2.993406e+006 2.379832e+007 2.320499e+006 402124
2.379899e+007 2.996979e+006 2.379900e+007 2.323283e+006 402125
2.379967e+007 3.000552e+006 2.379968e+007 2.326067e+006 402126
2.380035e+007 3.004126e+006 2.380036e+007 2.328852e+006 402127
2.380103e+007 3.007699e+006 2.380104e+007 2.331636e+006 402128
2.380171e+007 3.011272e+006 2.380172e+007 2.334421e+006 402129
2.380239e+007 3.014846e+006 2.380240e+007 2.337205e+006 402130
2.380307e+007 3.018420e+006 2.380308e+007 2.339990e+006 402131
2.380375e+007 3.021993e+006 2.380376e+007 2.342775e+006 402132
2.380443e+007 3.025567e+006 2.380444e+007 2.345559e+006 402133
2.380511e+007 3.029141e+006 2.380512e+007 2.348345e+006 402134
2.380579e+007 3.032716e+006 2.380580e+007 2.351130e+006 402135
2.380647e+007 3.036290e+006 2.380648e+007 2.353915e+006 402136
2.380715e+007 3.039865e+006 2.380716e+007 2.356700e+006 402137
2.380783e+007 3.043439e+006 2.380784e+007 2.359486e+006 402138
2.380851e+007 3.047015e+006 2.380852e+007 2.362272e+006 402139
2.380919e+007 3.050590e+006 2.380920e+007 2.365057e+006 402140
2.380987e+007 3.054165e+006 2.380988e+007 2.367844e+006 402141
2.381055e+007 3.057741e+006 2.381056e+007 2.370630e+006 402142
2.381123e+007 3.061316e+006 2.381124e+007 2.373416e+006 402143
2.381191e+007 3.064892e+006 2.381192e+007 2.376202e+006 402144
2.381259e+007 3.068468e+006 2.381260e+007 2.378989e+006 402145
2.381327e+007 3.072044e+006 2.381328e+007 2.381775e+006 402146
2.381395e+007 3.075620e+006 2.381396e+007 2.384561e+006 402147
2.381463e+007 3.079196e+006 2.381464e+007 2.387348e+006 402148
2.381531e+007 3.082772e+006 2.381532e+007 2.390134e+006 402149
2.381599e+007 3.086348e+006 2.381600e+007 2.392921e+006 402150
2.381872e+007 3.100657e+006 2.381873e+007 2.404070e+006 402154
2.382076e+007 3.111389e+006 2.382077e+007 2.412434e+006 402157
2.382144e+007 3.114967e+006 2.382145e+007 2.415221e+006 402158
2.382212e+007 3.118544e+006 2.382213e+007 2.418009e+006 402159
2.382280e+007 3.122122e+006 2.382281e+007 2.420797e+006 402160
2.382348e+007 3.125700e+006 2.382349e+007 2.423585e+006 402161
2.382416e+007 3.129278e+006 2.382417e+007 2.426373e+006 402162
2.382485e+007 3.132856e+006 2.382485e+007 2.429161e+006 402163
2.382553e+007 3.136434e+006 2.382553e+007 2.431949e+006 402164
2.382621e+007 3.140013e+006 2.382621e+007 2.434737e+006 402165
2.382689e+007 3.143591e+006 2.382690e+007 2.437526e+006 402166
2.382893e+007 3.154328e+006 2.382894e+007 2.445892e+006 402169
2.382961e+007 3.157908e+006 2.382962e+007 2.448682e+006 402170
2.383166e+007 3.168648e+006 2.383166e+007 2.457050e+006 402173
2.383234e+007 3.172228e+006 2.383235e+007 2.459840e+006 402174
2.383302e+007 3.175808e+006 2.383303e+007 2.462630e+006 402175
2.383370e+007 3.179388e+006 2.383371e+007 2.465419e+006 402176
2.383438e+007 3.182968e+006 2.383439e+007 2.468209e+006 402177
2.383506e+007 3.186548e+006 2.383507e+007 2.470999e+006 402178
2.383574e+007 3.190128e+006 2.383575e+007 2.473788e+006 402179
2.383643e+007 3.193709e+006 2.383643e+007 2.476579e+006 402180
2.383711e+007 3.197290e+006 2.383711e+007 2.479369e+006 402181
2.383779e+007 3.200871e+006 2.383780e+007 2.482159e+006 402182
2.383847e+007 3.204453e+006 2.383848e+007 2.484950e+006 402183
2.383915e+007 3.208034e+006 2.383916e+007 2.487741e+006 402184
2.383983e+007 3.211615e+006 2.383984e+007 2.490531e+006 402185
2.384256e+007 3.225942e+006 2.384257e+007 2.501695e+006 402189
2.384324e+007 3.229524e+006 2.384325e+007 2.504486e+006 402190
2.384392e+007 3.233106e+006 2.384393e+007 2.507277e+006 402191
2.384460e+007 3.236689e+006 2.384461e+007 2.510069e+006 402192
2.384529e+007 3.240271e+006 2.384529e+007 2.512861e+006 402193
2.384597e+007 3.243854e+006 2.384598e+007 2.515652e+006 402194
2.384665e+007 3.247437e+006 2.384666e+007 2.518444e+006 402195
2.384733e+007 3.251020e+006 2.384734e+007 2.521236e+006 402196
2.384801e+007 3.254603e+006 2.384802e+007 2.524028e+006 402197
2.384870e+007 3.258186e+006 2.384870e+007 2.526820e+006 402198
2.384938e+007 3.261769e+006 2.384938e+007 2.529612e+006 402199
2.385006e+007 3.265352e+006 2.385007e+007 2.532404e+006 402200
2.385074e+007 3.268936e+006 2.385075e+007 2.535197e+006 402201
2.385142e+007 3.272520e+006 2.385143e+007 2.537989e+006 402202
2.385415e+007 3.286856e+006 2.385416e+007 2.549160e+006 402206
2.385483e+007 3.290441e+006 2.385484e+007 2.551953e+006 402207
2.385552e+007 3.294026e+006 2.385552e+007 2.554747e+006 402208
2.385620e+007 3.297611e+006 2.385620e+007 2.557541e+006 402209
2.385688e+007 3.301197e+006 2.385689e+007 2.560335e+006 402210
2.385756e+007 3.304782e+006 2.385757e+007 2.563129e+006 402211
2.385824e+007 3.308368e+006 2.385825e+007 2.565922e+006 402212
2.385893e+007 3.311953e+006 2.385893e+007 2.568716e+006 402213
2.385961e+007 3.315539e+006 2.385962e+007 2.571510e+006 402214
2.386029e+007 3.319124e+006 2.386030e+007 2.574304e+006 402215
2.386097e+007 3.322709e+006 2.386098e+007 2.577098e+006 402216
2.386166e+007 3.326295e+006 2.386166e+007 2.579892e+006 402217
2.386234e+007 3.329881e+006 2.386235e+007 2.582686e+006 402218
2.386302e+007 3.333468e+006 2.386303e+007 2.585481e+006 402219
2.386370e+007 3.337053e+006 2.386371e+007 2.588275e+006 402220
2.386575e+007 3.347813e+006 2.386576e+007 2.596659e+006 402223
2.386643e+007 3.351399e+006 2.386644e+007 2.599453e+006 402224
2.386712e+007 3.354986e+006 2.386712e+007 2.602248e+006 402225
2.386848e+007 3.362161e+006 2.386849e+007 2.607839e+006 402227
2.386916e+007 3.365748e+006 2.386917e+007 2.610634e+006 402228
2.386985e+007 3.369335e+006 2.386985e+007 2.613429e+006 402229
2.387053e+007 3.372923e+006 2.387054e+007 2.616225e+006 402230
2.387121e+007 3.376511e+006 2.387122e+007 2.619021e+006 402231
2.387189e+007 3.380098e+006 2.387190e+007 2.621816e+006 402232
2.387258e+007 3.383686e+006 2.387258e+007 2.624612e+006 402233
2.387463e+007 3.394451e+006 2.387463e+007 2.633000e+006 402236
2.387531e+007 3.398040e+006 2.387532e+007 2.635797e+006 402237
2.387667e+007 3.405218e+006 2.387668e+007 2.641390e+006 402239
2.387736e+007 3.408807e+006 2.387736e+007 2.644187e+006 402240
2.387804e+007 3.412397e+006 2.387805e+007 2.646984e+006 402241
2.387941e+007 3.419576e+006 2.387941e+007 2.652578e+006 402243
2.388009e+007 3.423166e+006 2.388010e+007 2.655375e+006 402244
2.388146e+007 3.430345e+006 2.388146e+007 2.660970e+006 402246
2.388214e+007 3.433936e+006 2.388215e+007 2.663767e+006 402247
2.388282e+007 3.437525e+006 2.388283e+007 2.666564e+006 402248
2.388351e+007 3.441115e+006 2.388351e+007 2.669361e+006 402249
2.388419e+007 3.444705e+006 2.388420e+007 2.672159e+006 402250
2.388487e+007 3.448295e+006 2.388488e+007 2.674956e+006 402251
2.388555e+007 3.451886e+006 2.388556e+007 2.677754e+006 402252
2.388624e+007 3.455476e+006 2.388625e+007 2.680552e+006 402253
2.388692e+007 3.459067e+006 2.388693e+007 2.683350e+006 402254
2.388897e+007 3.469842e+006 2.388898e+007 2.691746e+006 402257
2.389034e+007 3.477025e+006 2.389035e+007 2.697343e+006 402259
2.389102e+007 3.480617e+006 2.389103e+007 2.700142e+006 402260
2.389171e+007 3.484209e+006 2.389171e+007 2.702941e+006 402261
2.389239e+007 3.487800e+006 2.389240e+007 2.705739e+006 402262
2.389307e+007 3.491392e+006 2.389308e+007 2.708538e+006 402263
2.389376e+007 3.494985e+006 2.389376e+007 2.711338e+006 402264
2.389444e+007 3.498577e+006 2.389445e+007 2.714137e+006 402265
2.389649e+007 3.509355e+006 2.389650e+007 2.722535e+006 402268
2.389717e+007 3.512948e+006 2.389718e+007 2.725335e+006 402269
2.389923e+007 3.523727e+006 2.389923e+007 2.733734e+006 402272
2.389991e+007 3.527320e+006 2.389992e+007 2.736534e+006 402273
2.390059e+007 3.530914e+006 2.390060e+007 2.739334e+006 402274
2.390128e+007 3.534508e+006 2.390128e+007 2.742135e+006 402275
2.390196e+007 3.538101e+006 2.390197e+007 2.744935e+006 402276
2.390264e+007 3.541695e+006 2.390265e+007 2.747735e+006 402277
2.390333e+007 3.545290e+006 2.390334e+007 2.750536e+006 402278
2.390401e+007 3.548884e+006 2.390402e+007 2.753337e+006 402279
2.390470e+007 3.552478e+006 2.390470e+007 2.756138e+006 402280
2.390538e+007 3.556073e+006 2.390539e+007 2.758939e+006 402281
2.390607e+007 3.559668e+006 2.390607e+007 2.761740e+006 402282
2.390675e+007 3.563263e+006 2.390676e+007 2.764541e+006 402283
2.390880e+007 3.574048e+006 2.390881e+007 2.772945e+006 402286
2.390949e+007 3.577643e+006 2.390949e+007 2.775746e+006 402287
2.391085e+007 3.584833e+006 2.391086e+007 2.781349e+006 402289
2.391154e+007 3.588429e+006 2.391155e+007 2.784151e+006 402290
2.391222e+007 3.592025e+006 2.391223e+007 2.786953e+006 402291
2.391291e+007 3.595622e+006 2.391291e+007 2.789756e+006 402292
2.391359e+007 3.599218e+006 2.391360e+007 2.792558e+006 402293
2.391428e+007 3.602814e+006 2.391428e+007 2.795360e+006 402294
2.391496e+007 3.606410e+006 2.391497e+007 2.798162e+006 402295
2.391564e+007 3.610007e+006 2.391565e+007 2.800965e+006 402296
2.391633e+007 3.613604e+006 2.391634e+007 2.803768e+006 402297
2.391701e+007 3.617201e+006 2.391702e+007 2.806570e+006 402298
2.391907e+007 3.627992e+006 2.391907e+007 2.814979e+006 402301
2.392180e+007 3.642381e+006 2.392181e+007 2.826191e+006 402305
2.392249e+007 3.645978e+006 2.392250e+007 2.828995e+006 402306
2.392317e+007 3.649577e+006 2.392318e+007 2.831798e+006 402307
2.392386e+007 3.653174e+006 2.392387e+007 2.834602e+006 402308
2.392454e+007 3.656773e+006 2.392455e+007 2.837406e+006 402309
2.392523e+007 3.660372e+006 2.392524e+007 2.840210e+006 402310
2.392591e+007 3.663970e+006 2.392592e+007 2.843014e+006 402311
2.392660e+007 3.667569e+006 2.392661e+007 2.845818e+006 402312
2.392728e+007 3.671168e+006 2.392729e+007 2.848623e+006 402313
2.392934e+007 3.681965e+006 2.392935e+007 2.857036e+006 402316
2.393071e+007 3.689164e+006 2.393071e+007 2.862645e+006 402318
2.393139e+007 3.692763e+006 2.393140e+007 2.865450e+006 402319
2.393276e+007 3.699961e+006 2.393277e+007 2.871059e+006 402321
2.393345e+007 3.703561e+006 2.393345e+007 2.873864e+006 402322
2.393413e+007 3.707161e+006 2.393414e+007 2.876669e+006 402323
2.393482e+007 3.710762e+006 2.393483e+007 2.879475e+006 402324
2.393550e+007 3.714362e+006 2.393551e+007 2.882280e+006 402325
2.393756e+007 3.725165e+006 2.393757e+007 2.890698e+006 402328
2.393893e+007 3.732367e+006 2.393894e+007 2.896310e+006 402330
2.393961e+007 3.735968e+006 2.393962e+007 2.899116e+006 402331
2.394099e+007 3.743170e+006 2.394099e+007 2.904728e+006 402333
2.394167e+007 3.746771e+006 2.394168e+007 2.907534e+006 402334
2.394236e+007 3.750373e+006 2.394236e+007 2.910341e+006 402335
2.394304e+007 3.753975e+006 2.394305e+007 2.913147e+006 402336
2.394373e+007 3.757576e+006 2.394373e+007 2.915954e+006 402337
2.394578e+007 3.768383e+006 2.394579e+007 2.924374e+006 402340
2.394715e+007 3.775588e+006 2.394716e+007 2.929988e+006 402342
2.394784e+007 3.779190e+006 2.394785e+007 2.932795e+006 402343
2.394921e+007 3.786395e+006 2.394922e+007 2.938409e+006 402345
2.394990e+007 3.789998e+006 2.394990e+007 2.941217e+006 402346
2.395058e+007 3.793602e+006 2.395059e+007 2.944025e+006 402347
2.395127e+007 3.797205e+006 2.395127e+007 2.946833e+006 402348
2.395195e+007 3.800809e+006 2.395196e+007 2.949641e+006 402349
2.395470e+007 3.815225e+006 2.395470e+007 2.960874e+006 402353
2.395538e+007 3.818829e+006 2.395539e+007 2.963682e+006 402354
2.395744e+007 3.829641e+006 2.395745e+007 2.972108e+006 402357
2.395813e+007 3.833246e+006 2.395813e+007 2.974917e+006 402358
2.395881e+007 3.836850e+006 2.395882e+007 2.977725e+006 402359
2.395950e+007 3.840454e+006 2.395950e+007 2.980533e+006 402360
2.396018e+007 3.844059e+006 2.396019e+007 2.983342e+006 402361
2.396087e+007 3.847664e+006 2.396088e+007 2.986151e+006 402362
