2.444640e+007 5.273293e+004 2.444641e+007 3.719512e+004 401371
2.444701e+007 5.596407e+004 2.444702e+007 3.971287e+004 401372
2.444763e+007 5.919497e+004 2.444764e+007 4.223044e+004 401373
2.444824e+007 6.242622e+004 2.444825e+007 4.474827e+004 401374
2.444886e+007 6.565754e+004 2.444887e+007 4.726617e+004 401375
2.444947e+007 6.888873e+004 2.444948e+007 4.978396e+004 401376
2.445009e+007 7.212001e+004 2.445009e+007 5.230181e+004 401377
2.445070e+007 7.535175e+004 2.445071e+007 5.482003e+004 401378
2.445132e+007 7.858389e+004 2.445132e+007 5.733856e+004 401379
2.445193e+007 8.181622e+004 2.445194e+007 5.985724e+004 401380
2.445255e+007 8.504856e+004 2.445256e+007 6.237592e+004 401381
2.445316e+007 8.828078e+004 2.445317e+007 6.489451e+004 401382
2.445378e+007 9.151352e+004 2.445379e+007 6.741351e+004 401383
2.445440e+007 9.474646e+004 2.445440e+007 6.993266e+004 401384
2.445501e+007 9.797928e+004 2.445502e+007 7.245172e+004 401385
2.445563e+007 1.012123e+005 2.445563e+007 7.497090e+004 401386
2.445624e+007 1.044458e+005 2.445625e+007 7.749055e+004 401387
2.445686e+007 1.076798e+005 2.445686e+007 8.001049e+004 401388
2.445747e+007 1.109135e+005 2.445748e+007 8.253022e+004 401389
2.445809e+007 1.141474e+005 2.445809e+007 8.505016e+004 401390
2.445870e+007 1.173817e+005 2.445871e+007 8.757037e+004 401391
2.445932e+007 1.206161e+005 2.445932e+007 9.009064e+004 401392
2.445993e+007 1.238507e+005 2.445994e+007 9.261109e+004 401393
2.446055e+007 1.270857e+005 2.446055e+007 9.513186e+004 401394
2.446117e+007 1.303207e+005 2.446117e+007 9.765263e+004 401395
2.446178e+007 1.335557e+005 2.446179e+007 1.001734e+005 401396
2.446240e+007 1.367909e+005 2.446240e+007 1.026943e+005 401397
2.446301e+007 1.400265e+005 2.446302e+007 1.052155e+005 401398
2.446363e+007 1.432621e+005 2.446363e+007 1.077368e+005 401399
2.446424e+007 1.464977e+005 2.446425e+007 1.102580e+005 401400
2.446486e+007 1.497334e+005 2.446486e+007 1.127792e+005 401401
2.446548e+007 1.529694e+005 2.446548e+007 1.153008e+005 401402
2.446609e+007 1.562056e+005 2.446610e+007 1.178225e+005 401403
2.446671e+007 1.594420e+005 2.446671e+007 1.203443e+005 401404
2.446732e+007 1.626783e+005 2.446733e+007 1.228661e+005 401405
2.446794e+007 1.659148e+005 2.446794e+007 1.253880e+005 401406
2.446855e+007 1.691514e+005 2.446856e+007 1.279100e+005 401407
2.446979e+007 1.756253e+005 2.446979e+007 1.329546e+005 401409
2.447040e+007 1.788627e+005 2.447041e+007 1.354773e+005 401410
2.447102e+007 1.821001e+005 2.447102e+007 1.379999e+005 401411
2.447163e+007 1.853377e+005 2.447164e+007 1.405227e+005 401412
2.447225e+007 1.885759e+005 2.447226e+007 1.430459e+005 401413
2.447287e+007 1.918140e+005 2.447287e+007 1.455691e+005 401414
2.447348e+007 1.950517e+005 2.447349e+007 1.480919e+005 401415
2.447410e+007 1.982899e+005 2.447410e+007 1.506152e+005 401416
2.447472e+007 2.015283e+005 2.447472e+007 1.531386e+005 401417
2.447533e+007 2.047668e+005 2.447534e+007 1.556621e+005 401418
2.447595e+007 2.080056e+005 2.447595e+007 1.581858e+005 401419
2.447656e+007 2.112446e+005 2.447657e+007 1.607097e+005 401420
2.447718e+007 2.144836e+005 2.447719e+007 1.632335e+005 401421
2.447780e+007 2.177224e+005 2.447780e+007 1.657573e+005 401422
2.447841e+007 2.209614e+005 2.447842e+007 1.682812e+005 401423
2.447903e+007 2.242004e+005 2.447904e+007 1.708050e+005 401424
2.447965e+007 2.274397e+005 2.447965e+007 1.733291e+005 401425
2.448026e+007 2.306790e+005 2.448027e+007 1.758533e+005 401426
2.448088e+007 2.339189e+005 2.448088e+007 1.783778e+005 401427
2.448150e+007 2.371588e+005 2.448150e+007 1.809024e+005 401428
2.448211e+007 2.403988e+005 2.448212e+007 1.834271e+005 401429
2.448273e+007 2.436393e+005 2.448273e+007 1.859521e+005 401430
2.448335e+007 2.468801e+005 2.448335e+007 1.884774e+005 401431
2.448458e+007 2.533615e+005 2.448458e+007 1.935278e+005 401433
2.448520e+007 2.566021e+005 2.448520e+007 1.960529e+005 401434
2.448581e+007 2.598430e+005 2.448582e+007 1.985783e+005 401435
2.448705e+007 2.663258e+005 2.448705e+007 2.036297e+005 401437
2.448766e+007 2.695671e+005 2.448767e+007 2.061555e+005 401438
2.448828e+007 2.728089e+005 2.448829e+007 2.086815e+005 401439
2.448890e+007 2.760509e+005 2.448890e+007 2.112077e+005 401440
2.448951e+007 2.792931e+005 2.448952e+007 2.137341e+005 401441
2.449013e+007 2.825351e+005 2.449014e+007 2.162603e+005 401442
2.449075e+007 2.857771e+005 2.449075e+007 2.187865e+005 401443
2.449136e+007 2.890196e+005 2.449137e+007 2.213131e+005 401444
2.449198e+007 2.922621e+005 2.449199e+007 2.238397e+005 401445
2.449322e+007 2.987482e+005 2.449322e+007 2.288938e+005 401447
2.449383e+007 3.019917e+005 2.449384e+007 2.314211e+005 401448
2.449445e+007 3.052354e+005 2.449446e+007 2.339487e+005 401449
2.449507e+007 3.084791e+005 2.449507e+007 2.364762e+005 401450
2.449568e+007 3.117227e+005 2.449569e+007 2.390036e+005 401451
2.449630e+007 3.149660e+005 2.449631e+007 2.415309e+005 401452
2.449754e+007 3.214537e+005 2.449754e+007 2.465862e+005 401454
2.449815e+007 3.246979e+005 2.449816e+007 2.491142e+005 401455
2.449877e+007 3.279425e+005 2.449878e+007 2.516423e+005 401456
2.450001e+007 3.344320e+005 2.450001e+007 2.566991e+005 401458
2.450062e+007 3.376765e+005 2.450063e+007 2.592273e+005 401459
2.450124e+007 3.409214e+005 2.450125e+007 2.617557e+005 401460
2.450186e+007 3.441663e+005 2.450186e+007 2.642842e+005 401461
2.450248e+007 3.474111e+005 2.450248e+007 2.668126e+005 401462
2.450309e+007 3.506560e+005 2.450310e+007 2.693411e+005 401463
2.450371e+007 3.539013e+005 2.450372e+007 2.718699e+005 401464
2.450433e+007 3.571471e+005 2.450433e+007 2.743990e+005 401465
2.450495e+007 3.603933e+005 2.450495e+007 2.769285e+005 401466
2.450556e+007 3.636392e+005 2.450557e+007 2.794578e+005 401467
2.450618e+007 3.668852e+005 2.450619e+007 2.819871e+005 401468
2.450680e+007 3.701317e+005 2.450681e+007 2.845168e+005 401469
2.450742e+007 3.733775e+005 2.450742e+007 2.870460e+005 401470
2.450803e+007 3.766231e+005 2.450804e+007 2.895750e+005 401471
2.450865e+007 3.798700e+005 2.450866e+007 2.921050e+005 401472
2.450989e+007 3.863654e+005 2.450990e+007 2.971663e+005 401474
2.451051e+007 3.896134e+005 2.451051e+007 2.996972e+005 401475
2.451112e+007 3.928615e+005 2.451113e+007 3.022282e+005 401476
2.451174e+007 3.961092e+005 2.451175e+007 3.047589e+005 401477
2.451236e+007 3.993568e+005 2.451237e+007 3.072894e+005 401478
2.451298e+007 4.026048e+005 2.451299e+007 3.098203e+005 401479
2.451360e+007 4.058528e+005 2.451360e+007 3.123512e+005 401480
2.451421e+007 4.091011e+005 2.451422e+007 3.148823e+005 401481
2.451483e+007 4.123495e+005 2.451484e+007 3.174135e+005 401482
2.451545e+007 4.155980e+005 2.451546e+007 3.199448e+005 401483
2.451669e+007 4.220954e+005 2.451669e+007 3.250077e+005 401485
2.451731e+007 4.253442e+005 2.451731e+007 3.275392e+005 401486
2.451792e+007 4.285934e+005 2.451793e+007 3.300710e+005 401487
2.451854e+007 4.318423e+005 2.451855e+007 3.326026e+005 401488
2.451978e+007 4.383405e+005 2.451979e+007 3.376661e+005 401490
2.452040e+007 4.415910e+005 2.452040e+007 3.401990e+005 401491
2.452102e+007 4.448409e+005 2.452102e+007 3.427313e+005 401492
2.452163e+007 4.480909e+005 2.452164e+007 3.452638e+005 401493
2.452287e+007 4.545914e+005 2.452288e+007 3.503290e+005 401495
2.452349e+007 4.578416e+005 2.452350e+007 3.528616e+005 401496
2.452411e+007 4.610920e+005 2.452412e+007 3.553944e+005 401497
2.452473e+007 4.643430e+005 2.452473e+007 3.579276e+005 401498
2.452535e+007 4.675943e+005 2.452535e+007 3.604611e+005 401499
2.452658e+007 4.740964e+005 2.452659e+007 3.655276e+005 401501
2.452720e+007 4.773478e+005 2.452721e+007 3.680612e+005 401502
2.452782e+007 4.805995e+005 2.452783e+007 3.705950e+005 401503
2.452844e+007 4.838511e+005 2.452845e+007 3.731286e+005 401504
2.452906e+007 4.871032e+005 2.452907e+007 3.756627e+005 401505
2.452968e+007 4.903555e+005 2.452968e+007 3.781970e+005 401506
2.453030e+007 4.936077e+005 2.453030e+007 3.807311e+005 401507
2.453092e+007 4.968604e+005 2.453092e+007 3.832656e+005 401508
2.453153e+007 5.001132e+005 2.453154e+007 3.858003e+005 401509
2.453215e+007 5.033656e+005 2.453216e+007 3.883346e+005 401510
2.453277e+007 5.066181e+005 2.453278e+007 3.908690e+005 401511
2.453339e+007 5.098710e+005 2.453340e+007 3.934037e+005 401512
2.453401e+007 5.131245e+005 2.453402e+007 3.959389e+005 401513
2.453525e+007 5.196313e+005 2.453526e+007 4.010090e+005 401515
2.453587e+007 5.228843e+005 2.453587e+007 4.035439e+005 401516
2.453649e+007 5.261379e+005 2.453649e+007 4.060791e+005 401517
2.453711e+007 5.293916e+005 2.453711e+007 4.086145e+005 401518
2.453773e+007 5.326455e+005 2.453773e+007 4.111499e+005 401519
2.453834e+007 5.359000e+005 2.453835e+007 4.136859e+005 401520
2.453896e+007 5.391546e+005 2.453897e+007 4.162219e+005 401521
2.453958e+007 5.424092e+005 2.453959e+007 4.187579e+005 401522
2.454020e+007 5.456641e+005 2.454021e+007 4.212942e+005 401523
2.454082e+007 5.489187e+005 2.454083e+007 4.238302e+005 401524
2.454144e+007 5.521730e+005 2.454145e+007 4.263661e+005 401525
2.454206e+007 5.554276e+005 2.454207e+007 4.289021e+005 401526
2.454268e+007 5.586823e+005 2.454269e+007 4.314382e+005 401527
2.454330e+007 5.619372e+005 2.454331e+007 4.339745e+005 401528
2.454392e+007 5.651925e+005 2.454393e+007 4.365110e+005 401529
2.454454e+007 5.684481e+005 2.454455e+007 4.390478e+005 401530
2.454516e+007 5.717039e+005 2.454517e+007 4.415848e+005 401531
2.454578e+007 5.749600e+005 2.454578e+007 4.441220e+005 401532
2.454640e+007 5.782161e+005 2.454640e+007 4.466592e+005 401533
2.454702e+007 5.814723e+005 2.454702e+007 4.491965e+005 401534
2.454764e+007 5.847288e+005 2.454764e+007 4.517340e+005 401535
2.454826e+007 5.879852e+005 2.454826e+007 4.542714e+005 401536
2.454888e+007 5.912420e+005 2.454888e+007 4.568092e+005 401537
2.454950e+007 5.944995e+005 2.454950e+007 4.593474e+005 401538
2.455012e+007 5.977568e+005 2.455012e+007 4.618855e+005 401539
2.455074e+007 6.010139e+005 2.455074e+007 4.644236e+005 401540
2.455198e+007 6.075282e+005 2.455198e+007 4.694996e+005 401542
2.455260e+007 6.107854e+005 2.455260e+007 4.720376e+005 401543
2.455322e+007 6.140430e+005 2.455322e+007 4.745761e+005 401544
2.455384e+007 6.173009e+005 2.455384e+007 4.771146e+005 401545
2.455446e+007 6.205590e+005 2.455446e+007 4.796534e+005 401546
2.455508e+007 6.238175e+005 2.455508e+007 4.821924e+005 401547
2.455570e+007 6.270760e+005 2.455570e+007 4.847315e+005 401548
2.455632e+007 6.303346e+005 2.455632e+007 4.872707e+005 401549
2.455756e+007 6.368517e+005 2.455756e+007 4.923489e+005 401551
2.455818e+007 6.401099e+005 2.455818e+007 4.948878e+005 401552
2.455880e+007 6.433686e+005 2.455880e+007 4.974270e+005 401553
2.455942e+007 6.466280e+005 2.455942e+007 4.999667e+005 401554
2.456066e+007 6.531475e+005 2.456066e+007 5.050468e+005 401556
2.456128e+007 6.564072e+005 2.456128e+007 5.075868e+005 401557
2.456190e+007 6.596671e+005 2.456190e+007 5.101270e+005 401558
2.456314e+007 6.661872e+005 2.456315e+007 5.152075e+005 401560
2.456376e+007 6.694474e+005 2.456377e+007 5.177479e+005 401561
2.456438e+007 6.727081e+005 2.456439e+007 5.202887e+005 401562
2.456500e+007 6.759689e+005 2.456501e+007 5.228296e+005 401563
2.456562e+007 6.792298e+005 2.456563e+007 5.253705e+005 401564
2.456624e+007 6.824905e+005 2.456625e+007 5.279113e+005 401565
2.456686e+007 6.857516e+005 2.456687e+007 5.304524e+005 401566
2.456748e+007 6.890125e+005 2.456749e+007 5.329933e+005 401567
2.456810e+007 6.922733e+005 2.456811e+007 5.355342e+005 401568
2.456872e+007 6.955342e+005 2.456873e+007 5.380751e+005 401569
2.456934e+007 6.987955e+005 2.456935e+007 5.406164e+005 401570
2.456996e+007 7.020571e+005 2.456997e+007 5.431579e+005 401571
2.457121e+007 7.085811e+005 2.457121e+007 5.482414e+005 401573
2.457183e+007 7.118433e+005 2.457183e+007 5.507834e+005 401574
2.457245e+007 7.151054e+005 2.457245e+007 5.533253e+005 401575
2.457307e+007 7.183679e+005 2.457308e+007 5.558675e+005 401576
2.457369e+007 7.216308e+005 2.457370e+007 5.584099e+005 401577
2.457431e+007 7.248930e+005 2.457432e+007 5.609519e+005 401578
2.457493e+007 7.281556e+005 2.457494e+007 5.634941e+005 401579
2.457555e+007 7.314188e+005 2.457556e+007 5.660369e+005 401580
2.457617e+007 7.346818e+005 2.457618e+007 5.685794e+005 401581
2.457679e+007 7.379452e+005 2.457680e+007 5.711223e+005 401582
2.457741e+007 7.412092e+005 2.457742e+007 5.736657e+005 401583
2.457804e+007 7.444735e+005 2.457804e+007 5.762093e+005 401584
2.457866e+007 7.477378e+005 2.457866e+007 5.787529e+005 401585
2.457928e+007 7.510021e+005 2.457929e+007 5.812965e+005 401586
2.458052e+007 7.575307e+005 2.458053e+007 5.863836e+005 401588
2.458114e+007 7.607950e+005 2.458115e+007 5.889272e+005 401589
2.458176e+007 7.640593e+005 2.458177e+007 5.914708e+005 401590
2.458238e+007 7.673239e+005 2.458239e+007 5.940146e+005 401591
2.458301e+007 7.705885e+005 2.458301e+007 5.965584e+005 401592
2.458425e+007 7.771178e+005 2.458426e+007 6.016462e+005 401594
2.458487e+007 7.803829e+005 2.458488e+007 6.041903e+005 401595
2.458611e+007 7.869131e+005 2.458612e+007 6.092788e+005 401597
2.458673e+007 7.901786e+005 2.458674e+007 6.118233e+005 401598
2.458736e+007 7.934441e+005 2.458736e+007 6.143679e+005 401599
2.458798e+007 7.967102e+005 2.458798e+007 6.169128e+005 401600
2.458860e+007 7.999768e+005 2.458861e+007 6.194582e+005 401601
2.458922e+007 8.032435e+005 2.458923e+007 6.220037e+005 401602
2.458984e+007 8.065101e+005 2.458985e+007 6.245491e+005 401603
2.459046e+007 8.097765e+005 2.459047e+007 6.270943e+005 401604
2.459171e+007 8.163095e+005 2.459171e+007 6.321849e+005 401606
2.459233e+007 8.195765e+005 2.459233e+007 6.347306e+005 401607
2.459295e+007 8.228438e+005 2.459296e+007 6.372765e+005 401608
2.459357e+007 8.261114e+005 2.459358e+007 6.398226e+005 401609
2.459419e+007 8.293786e+005 2.459420e+007 6.423685e+005 401610
2.459482e+007 8.326456e+005 2.459482e+007 6.449142e+005 401611
2.459544e+007 8.359131e+005 2.459544e+007 6.474603e+005 401612
2.459606e+007 8.391808e+005 2.459607e+007 6.500065e+005 401613
2.459668e+007 8.424485e+005 2.459669e+007 6.525528e+005 401614
2.459730e+007 8.457167e+005 2.459731e+007 6.550994e+005 401615
2.459792e+007 8.489851e+005 2.459793e+007 6.576462e+005 401616
2.459855e+007 8.522533e+005 2.459855e+007 6.601928e+005 401617
2.459917e+007 8.555218e+005 2.459918e+007 6.627397e+005 401618
2.460041e+007 8.620600e+005 2.460042e+007 6.678343e+005 401620
2.460103e+007 8.653291e+005 2.460104e+007 6.703816e+005 401621
2.460166e+007 8.685979e+005 2.460166e+007 6.729287e+005 401622
2.460228e+007 8.718668e+005 2.460229e+007 6.754759e+005 401623
2.460290e+007 8.751361e+005 2.460291e+007 6.780234e+005 401624
2.460352e+007 8.784058e+005 2.460353e+007 6.805712e+005 401625
2.460415e+007 8.816756e+005 2.460415e+007 6.831191e+005 401626
2.460477e+007 8.849458e+005 2.460477e+007 6.856673e+005 401627
2.460539e+007 8.882158e+005 2.460540e+007 6.882152e+005 401628
2.460601e+007 8.914858e+005 2.460602e+007 6.907633e+005 401629
2.460663e+007 8.947561e+005 2.460664e+007 6.933116e+005 401630
2.460726e+007 8.980267e+005 2.460726e+007 6.958601e+005 401631
2.460788e+007 9.012970e+005 2.460789e+007 6.984083e+005 401632
2.460850e+007 9.045676e+005 2.460851e+007 7.009568e+005 401633
2.460912e+007 9.078386e+005 2.460913e+007 7.035056e+005 401634
2.461037e+007 9.143811e+005 2.461038e+007 7.086037e+005 401636
2.461099e+007 9.176525e+005 2.461100e+007 7.111528e+005 401637
2.461161e+007 9.209236e+005 2.461162e+007 7.137016e+005 401638
2.461224e+007 9.241948e+005 2.461224e+007 7.162506e+005 401639
2.461286e+007 9.274662e+005 2.461287e+007 7.187997e+005 401640
2.461348e+007 9.307379e+005 2.461349e+007 7.213491e+005 401641
2.461410e+007 9.340097e+005 2.461411e+007 7.238985e+005 401642
2.461535e+007 9.405552e+005 2.461536e+007 7.289988e+005 401644
2.461597e+007 9.438282e+005 2.461598e+007 7.315492e+005 401645
2.461660e+007 9.471007e+005 2.461660e+007 7.340992e+005 401646
2.461722e+007 9.503734e+005 2.461723e+007 7.366493e+005 401647
2.461784e+007 9.536462e+005 2.461785e+007 7.391995e+005 401648
2.461846e+007 9.569192e+005 2.461847e+007 7.417498e+005 401649
2.461909e+007 9.601924e+005 2.461909e+007 7.443004e+005 401650
2.461971e+007 9.634660e+005 2.461972e+007 7.468513e+005 401651
2.462033e+007 9.667396e+005 2.462034e+007 7.494021e+005 401652
2.462096e+007 9.700130e+005 2.462096e+007 7.519527e+005 401653
2.462220e+007 9.765608e+005 2.462221e+007 7.570549e+005 401655
2.462345e+007 9.831090e+005 2.462345e+007 7.621573e+005 401657
2.462407e+007 9.863834e+005 2.462408e+007 7.647088e+005 401658
2.462469e+007 9.896578e+005 2.462470e+007 7.672602e+005 401659
2.462532e+007 9.929321e+005 2.462532e+007 7.698116e+005 401660
2.462594e+007 9.962066e+005 2.462595e+007 7.723631e+005 401661
2.462656e+007 9.994817e+005 2.462657e+007 7.749151e+005 401662
2.462781e+007 1.006032e+006 2.462782e+007 7.800195e+005 401664
2.462843e+007 1.009308e+006 2.462844e+007 7.825721e+005 401665
2.462906e+007 1.012584e+006 2.462906e+007 7.851247e+005 401666
2.462968e+007 1.015860e+006 2.462969e+007 7.876773e+005 401667
2.463030e+007 1.019136e+006 2.463031e+007 7.902300e+005 401668
2.463093e+007 1.022412e+006 2.463093e+007 7.927826e+005 401669
2.463155e+007 1.025687e+006 2.463156e+007 7.953349e+005 401670
2.463217e+007 1.028963e+006 2.463218e+007 7.978874e+005 401671
2.463280e+007 1.032239e+006 2.463280e+007 8.004403e+005 401672
2.463342e+007 1.035516e+006 2.463343e+007 8.029935e+005 401673
2.463404e+007 1.038792e+006 2.463405e+007 8.055466e+005 401674
2.463467e+007 1.042069e+006 2.463467e+007 8.080997e+005 401675
2.463529e+007 1.045346e+006 2.463530e+007 8.106528e+005 401676
2.463591e+007 1.048622e+006 2.463592e+007 8.132060e+005 401677
2.463654e+007 1.051899e+006 2.463655e+007 8.157595e+005 401678
2.463716e+007 1.055176e+006 2.463717e+007 8.183130e+005 401679
2.463779e+007 1.058454e+006 2.463779e+007 8.208668e+005 401680
2.463841e+007 1.061731e+006 2.463842e+007 8.234207e+005 401681
2.463903e+007 1.065009e+006 2.463904e+007 8.259746e+005 401682
2.463966e+007 1.068287e+006 2.463966e+007 8.285289e+005 401683
2.464028e+007 1.071565e+006 2.464029e+007 8.310836e+005 401684
2.464090e+007 1.074843e+006 2.464091e+007 8.336380e+005 401685
2.464153e+007 1.078122e+006 2.464154e+007 8.361924e+005 401686
2.464215e+007 1.081401e+006 2.464216e+007 8.387474e+005 401687
2.464278e+007 1.084679e+006 2.464278e+007 8.413024e+005 401688
2.464340e+007 1.087958e+006 2.464341e+007 8.438574e+005 401689
2.464402e+007 1.091238e+006 2.464403e+007 8.464127e+005 401690
2.464465e+007 1.094517e+006 2.464466e+007 8.489682e+005 401691
2.464527e+007 1.097797e+006 2.464528e+007 8.515235e+005 401692
2.464590e+007 1.101076e+006 2.464590e+007 8.540789e+005 401693
2.464652e+007 1.104356e+006 2.464653e+007 8.566345e+005 401694
2.464714e+007 1.107635e+006 2.464715e+007 8.591899e+005 401695
2.464777e+007 1.110915e+006 2.464778e+007 8.617453e+005 401696
2.464839e+007 1.114194e+006 2.464840e+007 8.643005e+005 401697
2.464902e+007 1.117474e+006 2.464902e+007 8.668563e+005 401698
2.464964e+007 1.120754e+006 2.464965e+007 8.694125e+005 401699
2.465027e+007 1.124035e+006 2.465027e+007 8.719689e+005 401700
2.465089e+007 1.127316e+006 2.465090e+007 8.745252e+005 401701
2.465151e+007 1.130597e+006 2.465152e+007 8.770817e+005 401702
2.465214e+007 1.133877e+006 2.465215e+007 8.796379e+005 401703
2.465276e+007 1.137158e+006 2.465277e+007 8.821942e+005 401704
2.465339e+007 1.140439e+006 2.465339e+007 8.847507e+005 401705
2.465464e+007 1.147001e+006 2.465464e+007 8.898640e+005 401707
2.465526e+007 1.150282e+006 2.465527e+007 8.924210e+005 401708
2.465588e+007 1.153564e+006 2.465589e+007 8.949781e+005 401709
2.465651e+007 1.156845e+006 2.465652e+007 8.975350e+005 401710
2.465713e+007 1.160127e+006 2.465714e+007 9.000920e+005 401711
2.465776e+007 1.163409e+006 2.465777e+007 9.026492e+005 401712
2.465838e+007 1.166691e+006 2.465839e+007 9.052069e+005 401713
2.465901e+007 1.169973e+006 2.465902e+007 9.077646e+005 401714
2.465963e+007 1.173256e+006 2.465964e+007 9.103224e+005 401715
2.466026e+007 1.176538e+006 2.466026e+007 9.128801e+005 401716
2.466088e+007 1.179821e+006 2.466089e+007 9.154377e+005 401717
2.466151e+007 1.183103e+006 2.466151e+007 9.179956e+005 401718
2.466213e+007 1.186387e+006 2.466214e+007 9.205539e+005 401719
2.466276e+007 1.189670e+006 2.466276e+007 9.231121e+005 401720
2.466401e+007 1.196237e+006 2.466401e+007 9.282295e+005 401722
2.466463e+007 1.199521e+006 2.466464e+007 9.307881e+005 401723
2.466526e+007 1.202804e+006 2.466526e+007 9.333465e+005 401724
2.466588e+007 1.206088e+006 2.466589e+007 9.359052e+005 401725
2.466650e+007 1.209371e+006 2.466651e+007 9.384641e+005 401726
2.466775e+007 1.215940e+006 2.466776e+007 9.435820e+005 401728
2.466838e+007 1.219224e+006 2.466839e+007 9.461412e+005 401729
2.466963e+007 1.225794e+006 2.466964e+007 9.512604e+005 401731
2.467026e+007 1.229079e+006 2.467026e+007 9.538201e+005 401732
2.467088e+007 1.232364e+006 2.467089e+007 9.563798e+005 401733
2.467151e+007 1.235648e+006 2.467151e+007 9.589394e+005 401734
2.467213e+007 1.238934e+006 2.467214e+007 9.614993e+005 401735
2.467276e+007 1.242219e+006 2.467276e+007 9.640594e+005 401736
2.467338e+007 1.245505e+006 2.467339e+007 9.666199e+005 401737
2.467401e+007 1.248791e+006 2.467401e+007 9.691802e+005 401738
2.467463e+007 1.252077e+006 2.467464e+007 9.717406e+005 401739
2.467526e+007 1.255363e+006 2.467527e+007 9.743013e+005 401740
2.467588e+007 1.258649e+006 2.467589e+007 9.768619e+005 401741
2.467651e+007 1.261935e+006 2.467652e+007 9.794224e+005 401742
2.467713e+007 1.265221e+006 2.467714e+007 9.819831e+005 401743
2.467776e+007 1.268508e+006 2.467777e+007 9.845438e+005 401744
2.467838e+007 1.271794e+006 2.467839e+007 9.871045e+005 401745
2.467901e+007 1.275081e+006 2.467902e+007 9.896656e+005 401746
2.467963e+007 1.278368e+006 2.467964e+007 9.922270e+005 401747
2.468026e+007 1.281655e+006 2.468027e+007 9.947883e+005 401748
2.468089e+007 1.284942e+006 2.468089e+007 9.973497e+005 401749
2.468151e+007 1.288229e+006 2.468152e+007 9.999111e+005 401750
2.468214e+007 1.291516e+006 2.468215e+007 1.002473e+006 401751
2.468339e+007 1.298091e+006 2.468340e+007 1.007596e+006 401753
2.468401e+007 1.301379e+006 2.468402e+007 1.010157e+006 401754
2.468464e+007 1.304666e+006 2.468465e+007 1.012719e+006 401755
2.468526e+007 1.307954e+006 2.468527e+007 1.015281e+006 401756
2.468589e+007 1.311243e+006 2.468590e+007 1.017844e+006 401757
2.468652e+007 1.314532e+006 2.468653e+007 1.020407e+006 401758
2.468714e+007 1.317821e+006 2.468715e+007 1.022970e+006 401759
2.468777e+007 1.321110e+006 2.468778e+007 1.025532e+006 401760
2.468839e+007 1.324399e+006 2.468840e+007 1.028095e+006 401761
2.468902e+007 1.327689e+006 2.468903e+007 1.030658e+006 401762
2.468965e+007 1.330977e+006 2.468965e+007 1.033221e+006 401763
2.469090e+007 1.337556e+006 2.469091e+007 1.038347e+006 401765
2.469152e+007 1.340846e+006 2.469153e+007 1.040911e+006 401766
2.469215e+007 1.344136e+006 2.469216e+007 1.043474e+006 401767
2.469278e+007 1.347426e+006 2.469279e+007 1.046038e+006 401768
2.469340e+007 1.350715e+006 2.469341e+007 1.048601e+006 401769
2.469403e+007 1.354005e+006 2.469404e+007 1.051165e+006 401770
2.469465e+007 1.357295e+006 2.469466e+007 1.053728e+006 401771
2.469528e+007 1.360585e+006 2.469529e+007 1.056292e+006 401772
2.469591e+007 1.363875e+006 2.469592e+007 1.058856e+006 401773
2.469653e+007 1.367166e+006 2.469654e+007 1.061419e+006 401774
2.469716e+007 1.370456e+006 2.469717e+007 1.063983e+006 401775
2.469779e+007 1.373747e+006 2.469779e+007 1.066548e+006 401776
2.469841e+007 1.377038e+006 2.469842e+007 1.069112e+006 401777
2.469904e+007 1.380329e+006 2.469905e+007 1.071677e+006 401778
2.469966e+007 1.383620e+006 2.469967e+007 1.074241e+006 401779
2.470029e+007 1.386912e+006 2.470030e+007 1.076806e+006 401780
2.470092e+007 1.390204e+006 2.470093e+007 1.079371e+006 401781
2.470217e+007 1.396788e+006 2.470218e+007 1.084502e+006 401783
2.470280e+007 1.400081e+006 2.470281e+007 1.087067e+006 401784
2.470342e+007 1.403374e+006 2.470343e+007 1.089634e+006 401785
2.470405e+007 1.406667e+006 2.470406e+007 1.092200e+006 401786
2.470468e+007 1.409960e+006 2.470469e+007 1.094765e+006 401787
2.470530e+007 1.413253e+006 2.470531e+007 1.097331e+006 401788
2.470593e+007 1.416546e+006 2.470594e+007 1.099897e+006 401789
2.470656e+007 1.419839e+006 2.470657e+007 1.102463e+006 401790
2.470718e+007 1.423131e+006 2.470719e+007 1.105029e+006 401791
2.470781e+007 1.426424e+006 2.470782e+007 1.107595e+006 401792
2.470844e+007 1.429717e+006 2.470845e+007 1.110160e+006 401793
2.470906e+007 1.433010e+006 2.470907e+007 1.112726e+006 401794
2.470969e+007 1.436304e+006 2.470970e+007 1.115293e+006 401795
2.471032e+007 1.439597e+006 2.471033e+007 1.117859e+006 401796
2.471094e+007 1.442891e+006 2.471095e+007 1.120426e+006 401797
2.471157e+007 1.446185e+006 2.471158e+007 1.122993e+006 401798
2.471220e+007 1.449480e+006 2.471221e+007 1.125559e+006 401799
2.471282e+007 1.452774e+006 2.471283e+007 1.128126e+006 401800
2.471345e+007 1.456068e+006 2.471346e+007 1.130693e+006 401801
2.471408e+007 1.459362e+006 2.471409e+007 1.133260e+006 401802
2.471470e+007 1.462656e+006 2.471471e+007 1.135827e+006 401803
2.471533e+007 1.465951e+006 2.471534e+007 1.138394e+006 401804
2.471596e+007 1.469245e+006 2.471597e+007 1.140961e+006 401805
2.471659e+007 1.472541e+006 2.471659e+007 1.143529e+006 401806
2.471721e+007 1.475836e+006 2.471722e+007 1.146097e+006 401807
2.471784e+007 1.479132e+006 2.471785e+007 1.148665e+006 401808
2.471847e+007 1.482427e+006 2.471848e+007 1.151233e+006 401809
2.471909e+007 1.485723e+006 2.471910e+007 1.153801e+006 401810
2.471972e+007 1.489018e+006 2.471973e+007 1.156369e+006 401811
2.472035e+007 1.492314e+006 2.472036e+007 1.158937e+006 401812
2.472098e+007 1.495610e+006 2.472099e+007 1.161505e+006 401813
2.472160e+007 1.498907e+006 2.472161e+007 1.164074e+006 401814
2.472223e+007 1.502203e+006 2.472224e+007 1.166642e+006 401815
2.472286e+007 1.505499e+006 2.472287e+007 1.169211e+006 401816
2.472348e+007 1.508795e+006 2.472349e+007 1.171779e+006 401817
2.472411e+007 1.512092e+006 2.472412e+007 1.174348e+006 401818
2.472474e+007 1.515388e+006 2.472475e+007 1.176917e+006 401819
2.472537e+007 1.518685e+006 2.472538e+007 1.179485e+006 401820
2.472599e+007 1.521982e+006 2.472600e+007 1.182054e+006 401821
2.472662e+007 1.525279e+006 2.472663e+007 1.184624e+006 401822
2.472725e+007 1.528577e+006 2.472726e+007 1.187193e+006 401823
2.472788e+007 1.531875e+006 2.472789e+007 1.189763e+006 401824
2.472850e+007 1.535173e+006 2.472851e+007 1.192333e+006 401825
2.472913e+007 1.538471e+006 2.472914e+007 1.194903e+006 401826
2.472976e+007 1.541769e+006 2.472977e+007 1.197473e+006 401827
2.473039e+007 1.545067e+006 2.473040e+007 1.200042e+006 401828
2.473164e+007 1.551662e+006 2.473165e+007 1.205181e+006 401830
2.473227e+007 1.554961e+006 2.473228e+007 1.207752e+006 401831
2.473290e+007 1.558259e+006 2.473291e+007 1.210322e+006 401832
2.473353e+007 1.561557e+006 2.473354e+007 1.212892e+006 401833
2.473415e+007 1.564856e+006 2.473416e+007 1.215462e+006 401834
2.473478e+007 1.568155e+006 2.473479e+007 1.218033e+006 401835
2.473541e+007 1.571454e+006 2.473542e+007 1.220604e+006 401836
2.473604e+007 1.574753e+006 2.473605e+007 1.223174e+006 401837
2.473729e+007 1.581352e+006 2.473730e+007 1.228316e+006 401839
2.473792e+007 1.584651e+006 2.473793e+007 1.230887e+006 401840
2.473855e+007 1.587951e+006 2.473856e+007 1.233458e+006 401841
2.473918e+007 1.591250e+006 2.473919e+007 1.236029e+006 401842
2.473980e+007 1.594550e+006 2.473981e+007 1.238600e+006 401843
2.474043e+007 1.597850e+006 2.474044e+007 1.241172e+006 401844
2.474106e+007 1.601150e+006 2.474107e+007 1.243743e+006 401845
2.474169e+007 1.604450e+006 2.474170e+007 1.246315e+006 401846
2.474232e+007 1.607751e+006 2.474233e+007 1.248886e+006 401847
2.474294e+007 1.611052e+006 2.474295e+007 1.251459e+006 401848
2.474357e+007 1.614352e+006 2.474358e+007 1.254030e+006 401849
2.474483e+007 1.620955e+006 2.474484e+007 1.259175e+006 401851
2.474546e+007 1.624256e+006 2.474547e+007 1.261747e+006 401852
2.474609e+007 1.627557e+006 2.474609e+007 1.264320e+006 401853
2.474671e+007 1.630858e+006 2.474672e+007 1.266892e+006 401854
2.474734e+007 1.634160e+006 2.474735e+007 1.269465e+006 401855
2.474797e+007 1.637462e+006 2.474798e+007 1.272038e+006 401856
2.474860e+007 1.640764e+006 2.474861e+007 1.274611e+006 401857
2.474923e+007 1.644066e+006 2.474924e+007 1.277184e+006 401858
2.474986e+007 1.647369e+006 2.474987e+007 1.279757e+006 401859
2.475048e+007 1.650671e+006 2.475049e+007 1.282331e+006 401860
2.475111e+007 1.653973e+006 2.475112e+007 1.284903e+006 401861
2.475174e+007 1.657275e+006 2.475175e+007 1.287477e+006 401862
2.475237e+007 1.660578e+006 2.475238e+007 1.290050e+006 401863
2.475300e+007 1.663881e+006 2.475301e+007 1.292624e+006 401864
2.475363e+007 1.667184e+006 2.475364e+007 1.295197e+006 401865
2.475426e+007 1.670487e+006 2.475426e+007 1.297771e+006 401866
2.475488e+007 1.673790e+006 2.475489e+007 1.300345e+006 401867
2.475551e+007 1.677093e+006 2.475552e+007 1.302919e+006 401868
2.475614e+007 1.680397e+006 2.475615e+007 1.305493e+006 401869
2.475677e+007 1.683700e+006 2.475678e+007 1.308067e+006 401870
2.475740e+007 1.687005e+006 2.475741e+007 1.310642e+006 401871
2.475803e+007 1.690309e+006 2.475804e+007 1.313217e+006 401872
2.475929e+007 1.696917e+006 2.475929e+007 1.318366e+006 401874
2.475991e+007 1.700221e+006 2.475992e+007 1.320941e+006 401875
2.476054e+007 1.703526e+006 2.476055e+007 1.323515e+006 401876
2.476117e+007 1.706830e+006 2.476118e+007 1.326090e+006 401877
2.476243e+007 1.713438e+006 2.476244e+007 1.331240e+006 401879
2.476306e+007 1.716743e+006 2.476307e+007 1.333815e+006 401880
2.476369e+007 1.720048e+006 2.476370e+007 1.336390e+006 401881
2.476495e+007 1.726659e+006 2.476495e+007 1.341541e+006 401883
2.476557e+007 1.729964e+006 2.476558e+007 1.344117e+006 401884
2.476620e+007 1.733270e+006 2.476621e+007 1.346693e+006 401885
2.476683e+007 1.736576e+006 2.476684e+007 1.349269e+006 401886
2.476746e+007 1.739882e+006 2.476747e+007 1.351845e+006 401887
2.476809e+007 1.743188e+006 2.476810e+007 1.354421e+006 401888
2.476872e+007 1.746494e+006 2.476873e+007 1.356997e+006 401889
2.476935e+007 1.749800e+006 2.476936e+007 1.359573e+006 401890
2.476998e+007 1.753107e+006 2.476999e+007 1.362150e+006 401891
2.477061e+007 1.756414e+006 2.477062e+007 1.364726e+006 401892
2.477124e+007 1.759720e+006 2.477125e+007 1.367303e+006 401893
2.477187e+007 1.763027e+006 2.477188e+007 1.369880e+006 401894
2.477250e+007 1.766334e+006 2.477250e+007 1.372457e+006 401895
2.477313e+007 1.769641e+006 2.477313e+007 1.375034e+006 401896
2.477375e+007 1.772949e+006 2.477376e+007 1.377611e+006 401897
2.477438e+007 1.776256e+006 2.477439e+007 1.380188e+006 401898
2.477501e+007 1.779563e+006 2.477502e+007 1.382765e+006 401899
2.477564e+007 1.782871e+006 2.477565e+007 1.385342e+006 401900
2.477627e+007 1.786178e+006 2.477628e+007 1.387919e+006 401901
2.477690e+007 1.789486e+006 2.477691e+007 1.390497e+006 401902
2.477753e+007 1.792794e+006 2.477754e+007 1.393075e+006 401903
2.477816e+007 1.796102e+006 2.477817e+007 1.395652e+006 401904
2.477879e+007 1.799410e+006 2.477880e+007 1.398230e+006 401905
2.477942e+007 1.802717e+006 2.477943e+007 1.400807e+006 401906
2.478005e+007 1.806026e+006 2.478006e+007 1.403385e+006 401907
2.478131e+007 1.812643e+006 2.478132e+007 1.408541e+006 401909
2.478194e+007 1.815952e+006 2.478195e+007 1.411120e+006 401910
2.478257e+007 1.819261e+006 2.478258e+007 1.413698e+006 401911
2.478320e+007 1.822571e+006 2.478321e+007 1.416277e+006 401912
2.478383e+007 1.825880e+006 2.478384e+007 1.418856e+006 401913
2.478446e+007 1.829190e+006 2.478447e+007 1.421434e+006 401914
2.478509e+007 1.832499e+006 2.478510e+007 1.424013e+006 401915
2.478572e+007 1.835809e+006 2.478573e+007 1.426592e+006 401916
2.478635e+007 1.839119e+006 2.478636e+007 1.429171e+006 401917
2.478698e+007 1.842429e+006 2.478699e+007 1.431750e+006 401918
2.478761e+007 1.845739e+006 2.478762e+007 1.434330e+006 401919
2.478824e+007 1.849049e+006 2.478825e+007 1.436909e+006 401920
2.478887e+007 1.852359e+006 2.478888e+007 1.439489e+006 401921
2.478950e+007 1.855670e+006 2.478951e+007 1.442068e+006 401922
2.479013e+007 1.858980e+006 2.479014e+007 1.444648e+006 401923
2.479076e+007 1.862291e+006 2.479077e+007 1.447227e+006 401924
2.479139e+007 1.865602e+006 2.479140e+007 1.449807e+006 401925
2.479202e+007 1.868913e+006 2.479203e+007 1.452387e+006 401926
2.479265e+007 1.872224e+006 2.479266e+007 1.454968e+006 401927
2.479328e+007 1.875536e+006 2.479329e+007 1.457548e+006 401928
2.479391e+007 1.878848e+006 2.479392e+007 1.460129e+006 401929
2.479454e+007 1.882160e+006 2.479455e+007 1.462709e+006 401930
2.479517e+007 1.885471e+006 2.479518e+007 1.465290e+006 401931
2.479643e+007 1.892095e+006 2.479644e+007 1.470451e+006 401933
2.479706e+007 1.895406e+006 2.479707e+007 1.473031e+006 401934
2.479769e+007 1.898719e+006 2.479770e+007 1.475612e+006 401935
2.479832e+007 1.902031e+006 2.479833e+007 1.478194e+006 401936
2.479895e+007 1.905344e+006 2.479896e+007 1.480775e+006 401937
2.479958e+007 1.908656e+006 2.479959e+007 1.483356e+006 401938
2.480021e+007 1.911969e+006 2.480022e+007 1.485937e+006 401939
2.480084e+007 1.915281e+006 2.480085e+007 1.488518e+006 401940
2.480147e+007 1.918593e+006 2.480148e+007 1.491099e+006 401941
2.480210e+007 1.921906e+006 2.480211e+007 1.493680e+006 401942
2.480273e+007 1.925219e+006 2.480274e+007 1.496262e+006 401943
2.480336e+007 1.928532e+006 2.480337e+007 1.498843e+006 401944
2.480399e+007 1.931845e+006 2.480400e+007 1.501425e+006 401945
2.480462e+007 1.935158e+006 2.480463e+007 1.504006e+006 401946
2.480525e+007 1.938471e+006 2.480526e+007 1.506588e+006 401947
2.480588e+007 1.941785e+006 2.480589e+007 1.509170e+006 401948
2.480651e+007 1.945100e+006 2.480652e+007 1.511753e+006 401949
2.480714e+007 1.948414e+006 2.480715e+007 1.514336e+006 401950
2.480778e+007 1.951728e+006 2.480779e+007 1.516918e+006 401951
2.480841e+007 1.955043e+006 2.480842e+007 1.519501e+006 401952
2.480904e+007 1.958358e+006 2.480905e+007 1.522084e+006 401953
2.480967e+007 1.961673e+006 2.480968e+007 1.524667e+006 401954
2.481030e+007 1.964989e+006 2.481031e+007 1.527251e+006 401955
2.481093e+007 1.968304e+006 2.481094e+007 1.529834e+006 401956
2.481156e+007 1.971618e+006 2.481157e+007 1.532417e+006 401957
2.481219e+007 1.974934e+006 2.481220e+007 1.535000e+006 401958
2.481282e+007 1.978249e+006 2.481283e+007 1.537583e+006 401959
2.481345e+007 1.981565e+006 2.481346e+007 1.540167e+006 401960
2.481408e+007 1.984881e+006 2.481409e+007 1.542751e+006 401961
2.481472e+007 1.988197e+006 2.481473e+007 1.545335e+006 401962
2.481535e+007 1.991513e+006 2.481536e+007 1.547919e+006 401963
2.481598e+007 1.994830e+006 2.481599e+007 1.550503e+006 401964
