2.356589e+007 -1.169727e+005 2.356589e+007 -8.882260e+004 401341
2.356586e+007 -1.171141e+005 2.356586e+007 -8.893271e+004 401342
2.356583e+007 -1.172547e+005 2.356584e+007 -8.904230e+004 401343
2.356581e+007 -1.173946e+005 2.356581e+007 -8.915134e+004 401344
2.356578e+007 -1.175341e+005 2.356578e+007 -8.926002e+004 401345
2.356575e+007 -1.176729e+005 2.356576e+007 -8.936815e+004 401346
2.356573e+007 -1.178106e+005 2.356573e+007 -8.947545e+004 401347
2.356570e+007 -1.179476e+005 2.356571e+007 -8.958223e+004 401348
2.356568e+007 -1.180842e+005 2.356568e+007 -8.968867e+004 401349
2.356565e+007 -1.182203e+005 2.356565e+007 -8.979474e+004 401350
2.356562e+007 -1.183562e+005 2.356563e+007 -8.990063e+004 401351
2.356560e+007 -1.184914e+005 2.356560e+007 -9.000591e+004 401352
2.356557e+007 -1.186262e+005 2.356558e+007 -9.011097e+004 401353
2.356555e+007 -1.187604e+005 2.356555e+007 -9.021552e+004 401354
2.356552e+007 -1.188943e+005 2.356553e+007 -9.031992e+004 401355
2.356550e+007 -1.190281e+005 2.356550e+007 -9.042415e+004 401356
2.356547e+007 -1.191615e+005 2.356547e+007 -9.052806e+004 401357
2.356545e+007 -1.192936e+005 2.356545e+007 -9.063105e+004 401358
2.356542e+007 -1.194249e+005 2.356542e+007 -9.073332e+004 401359
2.356540e+007 -1.195552e+005 2.356540e+007 -9.083488e+004 401360
2.356537e+007 -1.196852e+005 2.356538e+007 -9.093614e+004 401361
2.356535e+007 -1.198150e+005 2.356535e+007 -9.103731e+004 401362
2.356532e+007 -1.199440e+005 2.356533e+007 -9.113779e+004 401363
2.356530e+007 -1.200723e+005 2.356530e+007 -9.123780e+004 401364
2.356527e+007 -1.201998e+005 2.356528e+007 -9.133715e+004 401365
2.356525e+007 -1.203266e+005 2.356525e+007 -9.143598e+004 401366
2.356523e+007 -1.204529e+005 2.356523e+007 -9.153435e+004 401367
2.356520e+007 -1.205784e+005 2.356521e+007 -9.163213e+004 401368
2.356518e+007 -1.207033e+005 2.356518e+007 -9.172943e+004 401369
2.356515e+007 -1.208279e+005 2.356516e+007 -9.182652e+004 401370
2.356513e+007 -1.209520e+005 2.356513e+007 -9.192328e+004 401371
2.356511e+007 -1.210760e+005 2.356511e+007 -9.201992e+004 401372
2.356508e+007 -1.211999e+005 2.356509e+007 -9.211640e+004 401373
2.356506e+007 -1.213229e+005 2.356506e+007 -9.221228e+004 401374
2.356504e+007 -1.214454e+005 2.356504e+007 -9.230775e+004 401375
2.356501e+007 -1.215677e+005 2.356502e+007 -9.240299e+004 401376
2.356499e+007 -1.216894e+005 2.356499e+007 -9.249784e+004 401377
2.356497e+007 -1.218102e+005 2.356497e+007 -9.259197e+004 401378
2.356494e+007 -1.219302e+005 2.356495e+007 -9.268547e+004 401379
2.356492e+007 -1.220496e+005 2.356493e+007 -9.277848e+004 401380
2.356490e+007 -1.221685e+005 2.356490e+007 -9.287115e+004 401381
2.356488e+007 -1.222871e+005 2.356488e+007 -9.296355e+004 401382
2.356485e+007 -1.224047e+005 2.356486e+007 -9.305522e+004 401383
2.356483e+007 -1.225217e+005 2.356484e+007 -9.314639e+004 401384
2.356481e+007 -1.226384e+005 2.356481e+007 -9.323732e+004 401385
2.356479e+007 -1.227545e+005 2.356479e+007 -9.332779e+004 401386
2.356477e+007 -1.228696e+005 2.356477e+007 -9.341746e+004 401387
2.356474e+007 -1.229839e+005 2.356475e+007 -9.350650e+004 401388
2.356472e+007 -1.230980e+005 2.356473e+007 -9.359540e+004 401389
2.356470e+007 -1.232114e+005 2.356470e+007 -9.368376e+004 401390
2.356468e+007 -1.233240e+005 2.356468e+007 -9.377152e+004 401391
2.356466e+007 -1.234361e+005 2.356466e+007 -9.385885e+004 401392
2.356464e+007 -1.235475e+005 2.356464e+007 -9.394569e+004 401393
2.356462e+007 -1.236581e+005 2.356462e+007 -9.403185e+004 401394
2.356459e+007 -1.237683e+005 2.356460e+007 -9.411768e+004 401395
2.356457e+007 -1.238780e+005 2.356458e+007 -9.420321e+004 401396
2.356455e+007 -1.239871e+005 2.356456e+007 -9.428820e+004 401397
2.356453e+007 -1.240953e+005 2.356454e+007 -9.437255e+004 401398
2.356451e+007 -1.242032e+005 2.356452e+007 -9.445656e+004 401399
2.356449e+007 -1.243106e+005 2.356449e+007 -9.454025e+004 401400
2.356447e+007 -1.244175e+005 2.356447e+007 -9.462356e+004 401401
2.356445e+007 -1.245235e+005 2.356445e+007 -9.470620e+004 401402
2.356443e+007 -1.246290e+005 2.356443e+007 -9.478838e+004 401403
2.356441e+007 -1.247339e+005 2.356441e+007 -9.487011e+004 401404
2.356439e+007 -1.248384e+005 2.356439e+007 -9.495153e+004 401405
2.356437e+007 -1.249423e+005 2.356437e+007 -9.503248e+004 401406
2.356435e+007 -1.250457e+005 2.356435e+007 -9.511303e+004 401407
2.356431e+007 -1.252503e+005 2.356432e+007 -9.527248e+004 401409
2.356429e+007 -1.253515e+005 2.356430e+007 -9.535133e+004 401410
2.356427e+007 -1.254523e+005 2.356428e+007 -9.542989e+004 401411
2.356425e+007 -1.255525e+005 2.356426e+007 -9.550793e+004 401412
2.356424e+007 -1.256516e+005 2.356424e+007 -9.558518e+004 401413
2.356422e+007 -1.257504e+005 2.356422e+007 -9.566218e+004 401414
2.356420e+007 -1.258492e+005 2.356420e+007 -9.573914e+004 401415
2.356418e+007 -1.259469e+005 2.356418e+007 -9.581532e+004 401416
2.356416e+007 -1.260442e+005 2.356416e+007 -9.589106e+004 401417
2.356414e+007 -1.261408e+005 2.356415e+007 -9.596638e+004 401418
2.356412e+007 -1.262368e+005 2.356413e+007 -9.604115e+004 401419
2.356411e+007 -1.263320e+005 2.356411e+007 -9.611535e+004 401420
2.356409e+007 -1.264269e+005 2.356409e+007 -9.618927e+004 401421
2.356407e+007 -1.265214e+005 2.356407e+007 -9.626290e+004 401422
2.356405e+007 -1.266154e+005 2.356406e+007 -9.633613e+004 401423
2.356403e+007 -1.267089e+005 2.356404e+007 -9.640900e+004 401424
2.356402e+007 -1.268017e+005 2.356402e+007 -9.648134e+004 401425
2.356400e+007 -1.268939e+005 2.356400e+007 -9.655320e+004 401426
2.356398e+007 -1.269853e+005 2.356399e+007 -9.662439e+004 401427
2.356396e+007 -1.270762e+005 2.356397e+007 -9.669521e+004 401428
2.356395e+007 -1.271665e+005 2.356395e+007 -9.676558e+004 401429
2.356393e+007 -1.272559e+005 2.356393e+007 -9.683523e+004 401430
2.356391e+007 -1.273445e+005 2.356392e+007 -9.690429e+004 401431
2.356388e+007 -1.275207e+005 2.356388e+007 -9.704155e+004 401433
2.356386e+007 -1.276083e+005 2.356387e+007 -9.710980e+004 401434
2.356385e+007 -1.276950e+005 2.356385e+007 -9.717740e+004 401435
2.356381e+007 -1.278664e+005 2.356382e+007 -9.731092e+004 401437
2.356380e+007 -1.279514e+005 2.356380e+007 -9.737719e+004 401438
2.356378e+007 -1.280356e+005 2.356379e+007 -9.744280e+004 401439
2.356377e+007 -1.281191e+005 2.356377e+007 -9.750786e+004 401440
2.356375e+007 -1.282020e+005 2.356375e+007 -9.757243e+004 401441
2.356373e+007 -1.282847e+005 2.356374e+007 -9.763685e+004 401442
2.356372e+007 -1.283669e+005 2.356372e+007 -9.770088e+004 401443
2.356370e+007 -1.284481e+005 2.356371e+007 -9.776423e+004 401444
2.356369e+007 -1.285290e+005 2.356369e+007 -9.782721e+004 401445
2.356366e+007 -1.286882e+005 2.356366e+007 -9.795127e+004 401447
2.356364e+007 -1.287667e+005 2.356365e+007 -9.801245e+004 401448
2.356363e+007 -1.288446e+005 2.356363e+007 -9.807316e+004 401449
2.356361e+007 -1.289221e+005 2.356362e+007 -9.813350e+004 401450
2.356360e+007 -1.289992e+005 2.356360e+007 -9.819357e+004 401451
2.356358e+007 -1.290761e+005 2.356359e+007 -9.825354e+004 401452
2.356356e+007 -1.292276e+005 2.356356e+007 -9.837157e+004 401454
2.356354e+007 -1.293023e+005 2.356354e+007 -9.842974e+004 401455
2.356353e+007 -1.293762e+005 2.356353e+007 -9.848739e+004 401456
2.356350e+007 -1.295224e+005 2.356350e+007 -9.860125e+004 401458
2.356349e+007 -1.295950e+005 2.356349e+007 -9.865785e+004 401459
2.356347e+007 -1.296669e+005 2.356347e+007 -9.871386e+004 401460
2.356346e+007 -1.297383e+005 2.356346e+007 -9.876951e+004 401461
2.356344e+007 -1.298093e+005 2.356345e+007 -9.882484e+004 401462
2.356343e+007 -1.298798e+005 2.356343e+007 -9.887977e+004 401463
2.356342e+007 -1.299495e+005 2.356342e+007 -9.893409e+004 401464
2.356341e+007 -1.300183e+005 2.356341e+007 -9.898770e+004 401465
2.356339e+007 -1.300862e+005 2.356339e+007 -9.904057e+004 401466
2.356338e+007 -1.301539e+005 2.356338e+007 -9.909335e+004 401467
2.356337e+007 -1.302211e+005 2.356337e+007 -9.914571e+004 401468
2.356335e+007 -1.302875e+005 2.356336e+007 -9.919740e+004 401469
2.356334e+007 -1.303540e+005 2.356334e+007 -9.924925e+004 401470
2.356333e+007 -1.304203e+005 2.356333e+007 -9.930089e+004 401471
2.356332e+007 -1.304848e+005 2.356332e+007 -9.935120e+004 401472
2.356329e+007 -1.306110e+005 2.356329e+007 -9.944953e+004 401474
2.356328e+007 -1.306731e+005 2.356328e+007 -9.949790e+004 401475
2.356327e+007 -1.307347e+005 2.356327e+007 -9.954587e+004 401476
2.356326e+007 -1.307963e+005 2.356326e+007 -9.959388e+004 401477
2.356325e+007 -1.308575e+005 2.356325e+007 -9.964156e+004 401478
2.356323e+007 -1.309179e+005 2.356324e+007 -9.968864e+004 401479
2.356322e+007 -1.309778e+005 2.356323e+007 -9.973530e+004 401480
2.356321e+007 -1.310370e+005 2.356321e+007 -9.978146e+004 401481
2.356320e+007 -1.310957e+005 2.356320e+007 -9.982714e+004 401482
2.356319e+007 -1.311537e+005 2.356319e+007 -9.987234e+004 401483
2.356317e+007 -1.312682e+005 2.356317e+007 -9.996156e+004 401485
2.356316e+007 -1.313246e+005 2.356316e+007 -1.000055e+005 401486
2.356315e+007 -1.313803e+005 2.356315e+007 -1.000489e+005 401487
2.356314e+007 -1.314357e+005 2.356314e+007 -1.000921e+005 401488
2.356311e+007 -1.315450e+005 2.356312e+007 -1.001773e+005 401490
2.356310e+007 -1.315976e+005 2.356311e+007 -1.002183e+005 401491
2.356309e+007 -1.316504e+005 2.356310e+007 -1.002594e+005 401492
2.356308e+007 -1.317025e+005 2.356309e+007 -1.003000e+005 401493
2.356306e+007 -1.318052e+005 2.356307e+007 -1.003800e+005 401495
2.356306e+007 -1.318558e+005 2.356306e+007 -1.004194e+005 401496
2.356305e+007 -1.319058e+005 2.356305e+007 -1.004584e+005 401497
2.356304e+007 -1.319548e+005 2.356304e+007 -1.004966e+005 401498
2.356303e+007 -1.320031e+005 2.356303e+007 -1.005342e+005 401499
2.356301e+007 -1.320987e+005 2.356301e+007 -1.006087e+005 401501
2.356300e+007 -1.321455e+005 2.356300e+007 -1.006452e+005 401502
2.356299e+007 -1.321916e+005 2.356299e+007 -1.006811e+005 401503
2.356298e+007 -1.322374e+005 2.356299e+007 -1.007168e+005 401504
2.356297e+007 -1.322821e+005 2.356298e+007 -1.007516e+005 401505
2.356297e+007 -1.323263e+005 2.356297e+007 -1.007860e+005 401506
2.356296e+007 -1.323701e+005 2.356296e+007 -1.008202e+005 401507
2.356295e+007 -1.324130e+005 2.356295e+007 -1.008536e+005 401508
2.356294e+007 -1.324553e+005 2.356294e+007 -1.008865e+005 401509
2.356293e+007 -1.324975e+005 2.356294e+007 -1.009195e+005 401510
2.356292e+007 -1.325392e+005 2.356293e+007 -1.009520e+005 401511
2.356292e+007 -1.325801e+005 2.356292e+007 -1.009838e+005 401512
2.356291e+007 -1.326199e+005 2.356291e+007 -1.010148e+005 401513
2.356289e+007 -1.326985e+005 2.356290e+007 -1.010760e+005 401515
2.356289e+007 -1.327374e+005 2.356289e+007 -1.011064e+005 401516
2.356288e+007 -1.327754e+005 2.356288e+007 -1.011360e+005 401517
2.356287e+007 -1.328128e+005 2.356288e+007 -1.011651e+005 401518
2.356287e+007 -1.328496e+005 2.356287e+007 -1.011938e+005 401519
2.356286e+007 -1.328853e+005 2.356286e+007 -1.012216e+005 401520
2.356285e+007 -1.329205e+005 2.356286e+007 -1.012491e+005 401521
2.356285e+007 -1.329552e+005 2.356285e+007 -1.012761e+005 401522
2.356284e+007 -1.329892e+005 2.356284e+007 -1.013026e+005 401523
2.356283e+007 -1.330230e+005 2.356284e+007 -1.013289e+005 401524
2.356283e+007 -1.330567e+005 2.356283e+007 -1.013552e+005 401525
2.356282e+007 -1.330897e+005 2.356282e+007 -1.013809e+005 401526
2.356281e+007 -1.331221e+005 2.356282e+007 -1.014061e+005 401527
2.356281e+007 -1.331539e+005 2.356281e+007 -1.014309e+005 401528
2.356280e+007 -1.331848e+005 2.356280e+007 -1.014550e+005 401529
2.356280e+007 -1.332151e+005 2.356280e+007 -1.014786e+005 401530
2.356279e+007 -1.332446e+005 2.356279e+007 -1.015016e+005 401531
2.356279e+007 -1.332734e+005 2.356279e+007 -1.015240e+005 401532
2.356278e+007 -1.333018e+005 2.356278e+007 -1.015461e+005 401533
2.356277e+007 -1.333295e+005 2.356278e+007 -1.015677e+005 401534
2.356277e+007 -1.333566e+005 2.356277e+007 -1.015888e+005 401535
2.356276e+007 -1.333833e+005 2.356277e+007 -1.016096e+005 401536
2.356276e+007 -1.334091e+005 2.356276e+007 -1.016297e+005 401537
2.356275e+007 -1.334339e+005 2.356276e+007 -1.016490e+005 401538
2.356275e+007 -1.334584e+005 2.356275e+007 -1.016681e+005 401539
2.356275e+007 -1.334825e+005 2.356275e+007 -1.016870e+005 401540
2.356274e+007 -1.335296e+005 2.356274e+007 -1.017237e+005 401542
2.356273e+007 -1.335524e+005 2.356273e+007 -1.017414e+005 401543
2.356273e+007 -1.335743e+005 2.356273e+007 -1.017584e+005 401544
2.356272e+007 -1.335955e+005 2.356273e+007 -1.017750e+005 401545
2.356272e+007 -1.336161e+005 2.356272e+007 -1.017910e+005 401546
2.356272e+007 -1.336358e+005 2.356272e+007 -1.018064e+005 401547
2.356271e+007 -1.336551e+005 2.356272e+007 -1.018214e+005 401548
2.356271e+007 -1.336738e+005 2.356271e+007 -1.018360e+005 401549
2.356270e+007 -1.337100e+005 2.356270e+007 -1.018642e+005 401551
2.356270e+007 -1.337277e+005 2.356270e+007 -1.018780e+005 401552
2.356270e+007 -1.337446e+005 2.356270e+007 -1.018911e+005 401553
2.356269e+007 -1.337603e+005 2.356270e+007 -1.019034e+005 401554
2.356269e+007 -1.337896e+005 2.356269e+007 -1.019262e+005 401556
2.356268e+007 -1.338037e+005 2.356269e+007 -1.019372e+005 401557
2.356268e+007 -1.338171e+005 2.356268e+007 -1.019476e+005 401558
2.356268e+007 -1.338423e+005 2.356268e+007 -1.019672e+005 401560
2.356267e+007 -1.338540e+005 2.356268e+007 -1.019764e+005 401561
2.356267e+007 -1.338648e+005 2.356268e+007 -1.019848e+005 401562
2.356267e+007 -1.338750e+005 2.356267e+007 -1.019928e+005 401563
2.356267e+007 -1.338848e+005 2.356267e+007 -1.020003e+005 401564
2.356267e+007 -1.338942e+005 2.356267e+007 -1.020077e+005 401565
2.356267e+007 -1.339029e+005 2.356267e+007 -1.020145e+005 401566
2.356266e+007 -1.339112e+005 2.356267e+007 -1.020210e+005 401567
2.356266e+007 -1.339192e+005 2.356266e+007 -1.020272e+005 401568
2.356266e+007 -1.339267e+005 2.356266e+007 -1.020330e+005 401569
2.356266e+007 -1.339333e+005 2.356266e+007 -1.020382e+005 401570
2.356266e+007 -1.339392e+005 2.356266e+007 -1.020427e+005 401571
2.356266e+007 -1.339489e+005 2.356266e+007 -1.020503e+005 401573
2.356266e+007 -1.339528e+005 2.356266e+007 -1.020533e+005 401574
2.356266e+007 -1.339563e+005 2.356266e+007 -1.020561e+005 401575
2.356265e+007 -1.339591e+005 2.356266e+007 -1.020582e+005 401576
2.356265e+007 -1.339611e+005 2.356266e+007 -1.020598e+005 401577
2.356265e+007 -1.339632e+005 2.356266e+007 -1.020614e+005 401578
2.356265e+007 -1.339644e+005 2.356266e+007 -1.020624e+005 401579
2.356265e+007 -1.339647e+005 2.356266e+007 -1.020626e+005 401580
2.356265e+007 -1.339647e+005 2.356266e+007 -1.020626e+005 401581
2.356265e+007 -1.339639e+005 2.356266e+007 -1.020619e+005 401582
2.356265e+007 -1.339620e+005 2.356266e+007 -1.020605e+005 401583
2.356265e+007 -1.339592e+005 2.356266e+007 -1.020584e+005 401584
2.356266e+007 -1.339562e+005 2.356266e+007 -1.020560e+005 401585
2.356266e+007 -1.339527e+005 2.356266e+007 -1.020532e+005 401586
2.356266e+007 -1.339443e+005 2.356266e+007 -1.020467e+005 401588
2.356266e+007 -1.339394e+005 2.356266e+007 -1.020429e+005 401589
2.356266e+007 -1.339340e+005 2.356266e+007 -1.020387e+005 401590
2.356266e+007 -1.339280e+005 2.356266e+007 -1.020340e+005 401591
2.356266e+007 -1.339215e+005 2.356266e+007 -1.020289e+005 401592
2.356266e+007 -1.339070e+005 2.356267e+007 -1.020176e+005 401594
2.356267e+007 -1.338986e+005 2.356267e+007 -1.020111e+005 401595
2.356267e+007 -1.338804e+005 2.356267e+007 -1.019969e+005 401597
2.356267e+007 -1.338703e+005 2.356267e+007 -1.019890e+005 401598
2.356267e+007 -1.338597e+005 2.356268e+007 -1.019807e+005 401599
2.356268e+007 -1.338481e+005 2.356268e+007 -1.019717e+005 401600
2.356268e+007 -1.338355e+005 2.356268e+007 -1.019619e+005 401601
2.356268e+007 -1.338223e+005 2.356268e+007 -1.019516e+005 401602
2.356268e+007 -1.338088e+005 2.356269e+007 -1.019411e+005 401603
2.356269e+007 -1.337952e+005 2.356269e+007 -1.019304e+005 401604
2.356269e+007 -1.337661e+005 2.356269e+007 -1.019078e+005 401606
2.356269e+007 -1.337504e+005 2.356270e+007 -1.018956e+005 401607
2.356270e+007 -1.337339e+005 2.356270e+007 -1.018827e+005 401608
2.356270e+007 -1.337169e+005 2.356270e+007 -1.018694e+005 401609
2.356270e+007 -1.336996e+005 2.356271e+007 -1.018560e+005 401610
2.356271e+007 -1.336820e+005 2.356271e+007 -1.018423e+005 401611
2.356271e+007 -1.336637e+005 2.356271e+007 -1.018280e+005 401612
2.356271e+007 -1.336446e+005 2.356272e+007 -1.018131e+005 401613
2.356272e+007 -1.336250e+005 2.356272e+007 -1.017978e+005 401614
2.356272e+007 -1.336045e+005 2.356272e+007 -1.017819e+005 401615
2.356273e+007 -1.335834e+005 2.356273e+007 -1.017654e+005 401616
2.356273e+007 -1.335620e+005 2.356273e+007 -1.017487e+005 401617
2.356273e+007 -1.335399e+005 2.356274e+007 -1.017315e+005 401618
2.356274e+007 -1.334931e+005 2.356275e+007 -1.016950e+005 401620
2.356275e+007 -1.334690e+005 2.356275e+007 -1.016762e+005 401621
2.356275e+007 -1.334447e+005 2.356275e+007 -1.016573e+005 401622
2.356276e+007 -1.334199e+005 2.356276e+007 -1.016380e+005 401623
2.356276e+007 -1.333942e+005 2.356276e+007 -1.016180e+005 401624
2.356277e+007 -1.333677e+005 2.356277e+007 -1.015973e+005 401625
2.356277e+007 -1.333406e+005 2.356277e+007 -1.015762e+005 401626
2.356278e+007 -1.333127e+005 2.356278e+007 -1.015545e+005 401627
2.356278e+007 -1.332846e+005 2.356279e+007 -1.015326e+005 401628
2.356279e+007 -1.332560e+005 2.356279e+007 -1.015103e+005 401629
2.356279e+007 -1.332265e+005 2.356280e+007 -1.014873e+005 401630
2.356280e+007 -1.331965e+005 2.356280e+007 -1.014639e+005 401631
2.356281e+007 -1.331662e+005 2.356281e+007 -1.014403e+005 401632
2.356281e+007 -1.331352e+005 2.356281e+007 -1.014161e+005 401633
2.356282e+007 -1.331033e+005 2.356282e+007 -1.013913e+005 401634
2.356283e+007 -1.330376e+005 2.356283e+007 -1.013401e+005 401636
2.356284e+007 -1.330040e+005 2.356284e+007 -1.013139e+005 401637
2.356284e+007 -1.329702e+005 2.356285e+007 -1.012876e+005 401638
2.356285e+007 -1.329359e+005 2.356285e+007 -1.012608e+005 401639
2.356286e+007 -1.329009e+005 2.356286e+007 -1.012336e+005 401640
2.356286e+007 -1.328652e+005 2.356287e+007 -1.012057e+005 401641
2.356287e+007 -1.328289e+005 2.356287e+007 -1.011774e+005 401642
2.356288e+007 -1.327531e+005 2.356289e+007 -1.011184e+005 401644
2.356289e+007 -1.327143e+005 2.356289e+007 -1.010881e+005 401645
2.356290e+007 -1.326754e+005 2.356290e+007 -1.010579e+005 401646
2.356291e+007 -1.326360e+005 2.356291e+007 -1.010272e+005 401647
2.356291e+007 -1.325960e+005 2.356292e+007 -1.009959e+005 401648
2.356292e+007 -1.325554e+005 2.356292e+007 -1.009643e+005 401649
2.356293e+007 -1.325140e+005 2.356293e+007 -1.009321e+005 401650
2.356294e+007 -1.324718e+005 2.356294e+007 -1.008992e+005 401651
2.356295e+007 -1.324292e+005 2.356295e+007 -1.008660e+005 401652
2.356295e+007 -1.323864e+005 2.356296e+007 -1.008326e+005 401653
2.356297e+007 -1.322983e+005 2.356297e+007 -1.007640e+005 401655
2.356299e+007 -1.322080e+005 2.356299e+007 -1.006936e+005 401657
2.356300e+007 -1.321619e+005 2.356300e+007 -1.006577e+005 401658
2.356301e+007 -1.321153e+005 2.356301e+007 -1.006213e+005 401659
2.356301e+007 -1.320683e+005 2.356302e+007 -1.005848e+005 401660
2.356302e+007 -1.320207e+005 2.356303e+007 -1.005477e+005 401661
2.356303e+007 -1.319721e+005 2.356304e+007 -1.005098e+005 401662
2.356305e+007 -1.318730e+005 2.356305e+007 -1.004325e+005 401664
2.356306e+007 -1.318221e+005 2.356306e+007 -1.003929e+005 401665
2.356307e+007 -1.317708e+005 2.356307e+007 -1.003529e+005 401666
2.356308e+007 -1.317191e+005 2.356308e+007 -1.003127e+005 401667
2.356309e+007 -1.316669e+005 2.356309e+007 -1.002720e+005 401668
2.356310e+007 -1.316144e+005 2.356310e+007 -1.002310e+005 401669
2.356311e+007 -1.315616e+005 2.356311e+007 -1.001899e+005 401670
2.356312e+007 -1.315083e+005 2.356312e+007 -1.001484e+005 401671
2.356313e+007 -1.314540e+005 2.356313e+007 -1.001060e+005 401672
2.356314e+007 -1.313988e+005 2.356314e+007 -1.000631e+005 401673
2.356315e+007 -1.313432e+005 2.356316e+007 -1.000197e+005 401674
2.356316e+007 -1.312873e+005 2.356317e+007 -9.997615e+004 401675
2.356317e+007 -1.312309e+005 2.356318e+007 -9.993218e+004 401676
2.356318e+007 -1.311739e+005 2.356319e+007 -9.988777e+004 401677
2.356320e+007 -1.311161e+005 2.356320e+007 -9.984275e+004 401678
2.356321e+007 -1.310578e+005 2.356321e+007 -9.979729e+004 401679
2.356322e+007 -1.309987e+005 2.356322e+007 -9.975123e+004 401680
2.356323e+007 -1.309390e+005 2.356323e+007 -9.970473e+004 401681
2.356324e+007 -1.308788e+005 2.356324e+007 -9.965782e+004 401682
2.356325e+007 -1.308177e+005 2.356326e+007 -9.961022e+004 401683
2.356326e+007 -1.307556e+005 2.356327e+007 -9.956183e+004 401684
2.356328e+007 -1.306934e+005 2.356328e+007 -9.951332e+004 401685
2.356329e+007 -1.306308e+005 2.356329e+007 -9.946455e+004 401686
2.356330e+007 -1.305669e+005 2.356330e+007 -9.941477e+004 401687
2.356331e+007 -1.305026e+005 2.356332e+007 -9.936468e+004 401688
2.356332e+007 -1.304378e+005 2.356333e+007 -9.931420e+004 401689
2.356334e+007 -1.303721e+005 2.356334e+007 -9.926304e+004 401690
2.356335e+007 -1.303058e+005 2.356335e+007 -9.921134e+004 401691
2.356336e+007 -1.302393e+005 2.356337e+007 -9.915948e+004 401692
2.356337e+007 -1.301721e+005 2.356338e+007 -9.910719e+004 401693
2.356339e+007 -1.301044e+005 2.356339e+007 -9.905443e+004 401694
2.356340e+007 -1.300364e+005 2.356340e+007 -9.900137e+004 401695
2.356341e+007 -1.299679e+005 2.356342e+007 -9.894806e+004 401696
2.356343e+007 -1.298992e+005 2.356343e+007 -9.889450e+004 401697
2.356344e+007 -1.298293e+005 2.356344e+007 -9.884003e+004 401698
2.356345e+007 -1.297585e+005 2.356346e+007 -9.878485e+004 401699
2.356347e+007 -1.296870e+005 2.356347e+007 -9.872912e+004 401700
2.356348e+007 -1.296150e+005 2.356348e+007 -9.867299e+004 401701
2.356349e+007 -1.295424e+005 2.356350e+007 -9.861648e+004 401702
2.356351e+007 -1.294696e+005 2.356351e+007 -9.855974e+004 401703
2.356352e+007 -1.293964e+005 2.356353e+007 -9.850272e+004 401704
2.356354e+007 -1.293224e+005 2.356354e+007 -9.844505e+004 401705
2.356357e+007 -1.291726e+005 2.356357e+007 -9.832825e+004 401707
2.356358e+007 -1.290966e+005 2.356358e+007 -9.826907e+004 401708
2.356359e+007 -1.290201e+005 2.356360e+007 -9.820941e+004 401709
2.356361e+007 -1.289432e+005 2.356361e+007 -9.814950e+004 401710
2.356362e+007 -1.288658e+005 2.356363e+007 -9.808923e+004 401711
2.356364e+007 -1.287877e+005 2.356364e+007 -9.802838e+004 401712
2.356365e+007 -1.287085e+005 2.356366e+007 -9.796667e+004 401713
2.356367e+007 -1.286289e+005 2.356367e+007 -9.790460e+004 401714
2.356368e+007 -1.285486e+005 2.356369e+007 -9.784207e+004 401715
2.356370e+007 -1.284680e+005 2.356370e+007 -9.777925e+004 401716
2.356371e+007 -1.283871e+005 2.356372e+007 -9.771622e+004 401717
2.356373e+007 -1.283054e+005 2.356373e+007 -9.765253e+004 401718
2.356375e+007 -1.282227e+005 2.356375e+007 -9.758810e+004 401719
2.356376e+007 -1.281396e+005 2.356377e+007 -9.752335e+004 401720
2.356379e+007 -1.279709e+005 2.356380e+007 -9.739190e+004 401722
2.356381e+007 -1.278859e+005 2.356381e+007 -9.732567e+004 401723
2.356383e+007 -1.278008e+005 2.356383e+007 -9.725933e+004 401724
2.356384e+007 -1.277148e+005 2.356385e+007 -9.719235e+004 401725
2.356386e+007 -1.276283e+005 2.356386e+007 -9.712488e+004 401726
2.356389e+007 -1.274533e+005 2.356390e+007 -9.698854e+004 401728
2.356391e+007 -1.273649e+005 2.356391e+007 -9.691966e+004 401729
2.356394e+007 -1.271856e+005 2.356395e+007 -9.677993e+004 401731
2.356396e+007 -1.270951e+005 2.356396e+007 -9.670943e+004 401732
2.356398e+007 -1.270042e+005 2.356398e+007 -9.663859e+004 401733
2.356400e+007 -1.269129e+005 2.356400e+007 -9.656742e+004 401734
2.356401e+007 -1.268208e+005 2.356402e+007 -9.649568e+004 401735
2.356403e+007 -1.267279e+005 2.356403e+007 -9.642326e+004 401736
2.356405e+007 -1.266342e+005 2.356405e+007 -9.635024e+004 401737
2.356407e+007 -1.265402e+005 2.356407e+007 -9.627698e+004 401738
2.356408e+007 -1.264455e+005 2.356409e+007 -9.620323e+004 401739
2.356410e+007 -1.263502e+005 2.356411e+007 -9.612892e+004 401740
2.356412e+007 -1.262543e+005 2.356412e+007 -9.605426e+004 401741
2.356414e+007 -1.261583e+005 2.356414e+007 -9.597945e+004 401742
2.356416e+007 -1.260615e+005 2.356416e+007 -9.590399e+004 401743
2.356418e+007 -1.259642e+005 2.356418e+007 -9.582817e+004 401744
2.356419e+007 -1.258664e+005 2.356420e+007 -9.575197e+004 401745
2.356421e+007 -1.257678e+005 2.356422e+007 -9.567510e+004 401746
2.356423e+007 -1.256683e+005 2.356424e+007 -9.559757e+004 401747
2.356425e+007 -1.255683e+005 2.356425e+007 -9.551969e+004 401748
2.356427e+007 -1.254678e+005 2.356427e+007 -9.544139e+004 401749
2.356429e+007 -1.253669e+005 2.356429e+007 -9.536275e+004 401750
2.356431e+007 -1.252654e+005 2.356431e+007 -9.528365e+004 401751
2.356435e+007 -1.250609e+005 2.356435e+007 -9.512424e+004 401753
2.356437e+007 -1.249578e+005 2.356437e+007 -9.504396e+004 401754
2.356439e+007 -1.248542e+005 2.356439e+007 -9.496316e+004 401755
2.356441e+007 -1.247494e+005 2.356441e+007 -9.488153e+004 401756
2.356443e+007 -1.246436e+005 2.356443e+007 -9.479911e+004 401757
2.356445e+007 -1.245371e+005 2.356445e+007 -9.471610e+004 401758
2.356447e+007 -1.244301e+005 2.356447e+007 -9.463271e+004 401759
2.356449e+007 -1.243228e+005 2.356449e+007 -9.454912e+004 401760
2.356451e+007 -1.242149e+005 2.356451e+007 -9.446506e+004 401761
2.356453e+007 -1.241065e+005 2.356453e+007 -9.438054e+004 401762
2.356455e+007 -1.239979e+005 2.356455e+007 -9.429594e+004 401763
2.356459e+007 -1.237782e+005 2.356459e+007 -9.412476e+004 401765
2.356461e+007 -1.236672e+005 2.356462e+007 -9.403822e+004 401766
2.356463e+007 -1.235557e+005 2.356464e+007 -9.395139e+004 401767
2.356466e+007 -1.234441e+005 2.356466e+007 -9.386438e+004 401768
2.356468e+007 -1.233318e+005 2.356468e+007 -9.377690e+004 401769
2.356470e+007 -1.232190e+005 2.356470e+007 -9.368895e+004 401770
2.356472e+007 -1.231057e+005 2.356472e+007 -9.360067e+004 401771
2.356474e+007 -1.229917e+005 2.356474e+007 -9.351185e+004 401772
2.356476e+007 -1.228770e+005 2.356477e+007 -9.342251e+004 401773
2.356479e+007 -1.227619e+005 2.356479e+007 -9.333279e+004 401774
2.356481e+007 -1.226464e+005 2.356481e+007 -9.324281e+004 401775
2.356483e+007 -1.225298e+005 2.356483e+007 -9.315191e+004 401776
2.356485e+007 -1.224122e+005 2.356485e+007 -9.306028e+004 401777
2.356487e+007 -1.222946e+005 2.356488e+007 -9.296864e+004 401778
2.356490e+007 -1.221763e+005 2.356490e+007 -9.287643e+004 401779
2.356492e+007 -1.220568e+005 2.356492e+007 -9.278333e+004 401780
2.356494e+007 -1.219367e+005 2.356495e+007 -9.268979e+004 401781
2.356499e+007 -1.216954e+005 2.356499e+007 -9.250173e+004 401783
2.356501e+007 -1.215732e+005 2.356501e+007 -9.240654e+004 401784
2.356503e+007 -1.214499e+005 2.356504e+007 -9.231046e+004 401785
2.356506e+007 -1.213264e+005 2.356506e+007 -9.221419e+004 401786
2.356508e+007 -1.212028e+005 2.356508e+007 -9.211789e+004 401787
2.356511e+007 -1.210788e+005 2.356511e+007 -9.202125e+004 401788
2.356513e+007 -1.209542e+005 2.356513e+007 -9.192416e+004 401789
2.356515e+007 -1.208292e+005 2.356516e+007 -9.182673e+004 401790
2.356518e+007 -1.207036e+005 2.356518e+007 -9.172891e+004 401791
2.356520e+007 -1.205777e+005 2.356520e+007 -9.163075e+004 401792
2.356522e+007 -1.204513e+005 2.356523e+007 -9.153229e+004 401793
2.356525e+007 -1.203241e+005 2.356525e+007 -9.143315e+004 401794
2.356527e+007 -1.201961e+005 2.356528e+007 -9.133339e+004 401795
2.356530e+007 -1.200676e+005 2.356530e+007 -9.123331e+004 401796
2.356532e+007 -1.199383e+005 2.356533e+007 -9.113252e+004 401797
2.356535e+007 -1.198081e+005 2.356535e+007 -9.103107e+004 401798
2.356537e+007 -1.196777e+005 2.356537e+007 -9.092946e+004 401799
2.356540e+007 -1.195468e+005 2.356540e+007 -9.082746e+004 401800
2.356542e+007 -1.194154e+005 2.356542e+007 -9.072508e+004 401801
2.356545e+007 -1.192834e+005 2.356545e+007 -9.062222e+004 401802
2.356547e+007 -1.191507e+005 2.356547e+007 -9.051879e+004 401803
2.356550e+007 -1.190176e+005 2.356550e+007 -9.041504e+004 401804
2.356552e+007 -1.188839e+005 2.356553e+007 -9.031088e+004 401805
2.356555e+007 -1.187491e+005 2.356555e+007 -9.020588e+004 401806
2.356557e+007 -1.186136e+005 2.356558e+007 -9.010029e+004 401807
2.356560e+007 -1.184775e+005 2.356560e+007 -8.999423e+004 401808
2.356563e+007 -1.183410e+005 2.356563e+007 -8.988786e+004 401809
2.356565e+007 -1.182038e+005 2.356565e+007 -8.978095e+004 401810
2.356568e+007 -1.180664e+005 2.356568e+007 -8.967388e+004 401811
2.356570e+007 -1.179281e+005 2.356571e+007 -8.956608e+004 401812
2.356573e+007 -1.177889e+005 2.356573e+007 -8.945764e+004 401813
2.356576e+007 -1.176493e+005 2.356576e+007 -8.934887e+004 401814
2.356578e+007 -1.175095e+005 2.356579e+007 -8.923986e+004 401815
2.356581e+007 -1.173690e+005 2.356581e+007 -8.913040e+004 401816
2.356584e+007 -1.172280e+005 2.356584e+007 -8.902057e+004 401817
2.356586e+007 -1.170864e+005 2.356587e+007 -8.891021e+004 401818
2.356589e+007 -1.169440e+005 2.356589e+007 -8.879926e+004 401819
2.356592e+007 -1.168012e+005 2.356592e+007 -8.868793e+004 401820
2.356595e+007 -1.166578e+005 2.356595e+007 -8.857618e+004 401821
2.356597e+007 -1.165133e+005 2.356598e+007 -8.846358e+004 401822
2.356600e+007 -1.163682e+005 2.356600e+007 -8.835057e+004 401823
2.356603e+007 -1.162226e+005 2.356603e+007 -8.823710e+004 401824
2.356606e+007 -1.160763e+005 2.356606e+007 -8.812312e+004 401825
2.356608e+007 -1.159292e+005 2.356609e+007 -8.800844e+004 401826
2.356611e+007 -1.157817e+005 2.356612e+007 -8.789352e+004 401827
2.356614e+007 -1.156343e+005 2.356614e+007 -8.777865e+004 401828
2.356620e+007 -1.153377e+005 2.356620e+007 -8.754751e+004 401830
2.356623e+007 -1.151879e+005 2.356623e+007 -8.743081e+004 401831
2.356625e+007 -1.150382e+005 2.356626e+007 -8.731418e+004 401832
2.356628e+007 -1.148877e+005 2.356629e+007 -8.719686e+004 401833
2.356631e+007 -1.147361e+005 2.356631e+007 -8.707876e+004 401834
2.356634e+007 -1.145840e+005 2.356634e+007 -8.696025e+004 401835
2.356637e+007 -1.144315e+005 2.356637e+007 -8.684142e+004 401836
2.356640e+007 -1.142781e+005 2.356640e+007 -8.672191e+004 401837
2.356646e+007 -1.139702e+005 2.356646e+007 -8.648193e+004 401839
2.356649e+007 -1.138154e+005 2.356649e+007 -8.636133e+004 401840
2.356652e+007 -1.136601e+005 2.356652e+007 -8.624027e+004 401841
2.356655e+007 -1.135043e+005 2.356655e+007 -8.611885e+004 401842
2.356658e+007 -1.133476e+005 2.356658e+007 -8.599678e+004 401843
2.356661e+007 -1.131904e+005 2.356661e+007 -8.587426e+004 401844
2.356664e+007 -1.130326e+005 2.356664e+007 -8.575131e+004 401845
2.356667e+007 -1.128742e+005 2.356667e+007 -8.562791e+004 401846
2.356670e+007 -1.127150e+005 2.356670e+007 -8.550387e+004 401847
2.356673e+007 -1.125549e+005 2.356673e+007 -8.537912e+004 401848
2.356676e+007 -1.123946e+005 2.356676e+007 -8.525421e+004 401849
2.356682e+007 -1.120715e+005 2.356682e+007 -8.500240e+004 401851
2.356685e+007 -1.119095e+005 2.356685e+007 -8.487617e+004 401852
2.356688e+007 -1.117471e+005 2.356688e+007 -8.474958e+004 401853
2.356691e+007 -1.115836e+005 2.356691e+007 -8.462220e+004 401854
2.356694e+007 -1.114193e+005 2.356695e+007 -8.449416e+004 401855
2.356697e+007 -1.112543e+005 2.356698e+007 -8.436565e+004 401856
2.356701e+007 -1.110890e+005 2.356701e+007 -8.423683e+004 401857
2.356704e+007 -1.109230e+005 2.356704e+007 -8.410744e+004 401858
2.356707e+007 -1.107563e+005 2.356707e+007 -8.397752e+004 401859
2.356710e+007 -1.105894e+005 2.356710e+007 -8.384747e+004 401860
2.356713e+007 -1.104222e+005 2.356713e+007 -8.371717e+004 401861
2.356716e+007 -1.102542e+005 2.356717e+007 -8.358631e+004 401862
2.356720e+007 -1.100856e+005 2.356720e+007 -8.345488e+004 401863
2.356723e+007 -1.099163e+005 2.356723e+007 -8.332297e+004 401864
2.356726e+007 -1.097461e+005 2.356726e+007 -8.319039e+004 401865
2.356729e+007 -1.095755e+005 2.356730e+007 -8.305743e+004 401866
2.356733e+007 -1.094045e+005 2.356733e+007 -8.292415e+004 401867
2.356736e+007 -1.092326e+005 2.356736e+007 -8.279023e+004 401868
2.356739e+007 -1.090602e+005 2.356739e+007 -8.265590e+004 401869
2.356742e+007 -1.088869e+005 2.356743e+007 -8.252087e+004 401870
2.356746e+007 -1.087129e+005 2.356746e+007 -8.238526e+004 401871
2.356749e+007 -1.085386e+005 2.356749e+007 -8.224939e+004 401872
2.356756e+007 -1.081879e+005 2.356756e+007 -8.197618e+004 401874
2.356759e+007 -1.080120e+005 2.356759e+007 -8.183906e+004 401875
2.356762e+007 -1.078355e+005 2.356763e+007 -8.170153e+004 401876
2.356766e+007 -1.076585e+005 2.356766e+007 -8.156359e+004 401877
2.356773e+007 -1.073031e+005 2.356773e+007 -8.128670e+004 401879
2.356776e+007 -1.071241e+005 2.356776e+007 -8.114723e+004 401880
2.356779e+007 -1.069448e+005 2.356780e+007 -8.100746e+004 401881
2.356786e+007 -1.065836e+005 2.356787e+007 -8.072601e+004 401883
2.356790e+007 -1.064023e+005 2.356790e+007 -8.058472e+004 401884
2.356793e+007 -1.062202e+005 2.356793e+007 -8.044285e+004 401885
2.356797e+007 -1.060372e+005 2.356797e+007 -8.030026e+004 401886
2.356800e+007 -1.058538e+005 2.356800e+007 -8.015732e+004 401887
2.356804e+007 -1.056698e+005 2.356804e+007 -8.001398e+004 401888
2.356807e+007 -1.054854e+005 2.356807e+007 -7.987028e+004 401889
2.356811e+007 -1.053003e+005 2.356811e+007 -7.972603e+004 401890
2.356814e+007 -1.051146e+005 2.356814e+007 -7.958137e+004 401891
2.356818e+007 -1.049282e+005 2.356818e+007 -7.943608e+004 401892
2.356821e+007 -1.047413e+005 2.356822e+007 -7.929041e+004 401893
2.356825e+007 -1.045538e+005 2.356825e+007 -7.914430e+004 401894
2.356829e+007 -1.043656e+005 2.356829e+007 -7.899770e+004 401895
2.356832e+007 -1.041769e+005 2.356832e+007 -7.885060e+004 401896
2.356836e+007 -1.039874e+005 2.356836e+007 -7.870299e+004 401897
2.356839e+007 -1.037976e+005 2.356840e+007 -7.855506e+004 401898
2.356843e+007 -1.036075e+005 2.356843e+007 -7.840692e+004 401899
2.356847e+007 -1.034165e+005 2.356847e+007 -7.825811e+004 401900
2.356850e+007 -1.032249e+005 2.356850e+007 -7.810879e+004 401901
2.356854e+007 -1.030326e+005 2.356854e+007 -7.795894e+004 401902
2.356858e+007 -1.028395e+005 2.356858e+007 -7.780849e+004 401903
2.356861e+007 -1.026464e+005 2.356861e+007 -7.765805e+004 401904
2.356865e+007 -1.024529e+005 2.356865e+007 -7.750725e+004 401905
2.356869e+007 -1.022589e+005 2.356869e+007 -7.735608e+004 401906
2.356872e+007 -1.020641e+005 2.356873e+007 -7.720425e+004 401907
2.356880e+007 -1.016715e+005 2.356880e+007 -7.689831e+004 401909
2.356884e+007 -1.014743e+005 2.356884e+007 -7.674470e+004 401910
2.356887e+007 -1.012766e+005 2.356887e+007 -7.659062e+004 401911
2.356891e+007 -1.010782e+005 2.356891e+007 -7.643604e+004 401912
2.356895e+007 -1.008791e+005 2.356895e+007 -7.628091e+004 401913
2.356899e+007 -1.006795e+005 2.356899e+007 -7.612533e+004 401914
2.356902e+007 -1.004793e+005 2.356903e+007 -7.596935e+004 401915
2.356906e+007 -1.002789e+005 2.356906e+007 -7.581315e+004 401916
2.356910e+007 -1.000776e+005 2.356910e+007 -7.565631e+004 401917
2.356914e+007 -9.987563e+004 2.356914e+007 -7.549894e+004 401918
2.356918e+007 -9.967305e+004 2.356918e+007 -7.534109e+004 401919
2.356922e+007 -9.946972e+004 2.356922e+007 -7.518264e+004 401920
2.356926e+007 -9.926600e+004 2.356926e+007 -7.502390e+004 401921
2.356929e+007 -9.906203e+004 2.356930e+007 -7.486497e+004 401922
2.356933e+007 -9.885719e+004 2.356934e+007 -7.470535e+004 401923
2.356937e+007 -9.865180e+004 2.356937e+007 -7.454530e+004 401924
2.356941e+007 -9.844559e+004 2.356941e+007 -7.438461e+004 401925
2.356945e+007 -9.823892e+004 2.356945e+007 -7.422357e+004 401926
2.356949e+007 -9.803124e+004 2.356949e+007 -7.406174e+004 401927
2.356953e+007 -9.782271e+004 2.356953e+007 -7.389924e+004 401928
2.356957e+007 -9.761371e+004 2.356957e+007 -7.373639e+004 401929
2.356961e+007 -9.740459e+004 2.356961e+007 -7.357343e+004 401930
2.356965e+007 -9.719482e+004 2.356965e+007 -7.340997e+004 401931
2.356973e+007 -9.677396e+004 2.356973e+007 -7.308202e+004 401933
2.356977e+007 -9.656292e+004 2.356977e+007 -7.291757e+004 401934
2.356981e+007 -9.635060e+004 2.356981e+007 -7.275213e+004 401935
2.356985e+007 -9.613750e+004 2.356985e+007 -7.258607e+004 401936
2.356989e+007 -9.592395e+004 2.356989e+007 -7.241966e+004 401937
2.356993e+007 -9.571014e+004 2.356993e+007 -7.225305e+004 401938
2.356997e+007 -9.549579e+004 2.356998e+007 -7.208603e+004 401939
2.357001e+007 -9.528129e+004 2.357002e+007 -7.191890e+004 401940
2.357005e+007 -9.506612e+004 2.357006e+007 -7.175123e+004 401941
2.357010e+007 -9.485013e+004 2.357010e+007 -7.158292e+004 401942
2.357014e+007 -9.463343e+004 2.357014e+007 -7.141407e+004 401943
2.357018e+007 -9.441646e+004 2.357018e+007 -7.124499e+004 401944
2.357022e+007 -9.419884e+004 2.357022e+007 -7.107541e+004 401945
2.357026e+007 -9.398044e+004 2.357026e+007 -7.090523e+004 401946
2.357030e+007 -9.376150e+004 2.357031e+007 -7.073463e+004 401947
2.357034e+007 -9.354177e+004 2.357035e+007 -7.056341e+004 401948
2.357039e+007 -9.332070e+004 2.357039e+007 -7.039114e+004 401949
2.357043e+007 -9.309922e+004 2.357043e+007 -7.021856e+004 401950
2.357047e+007 -9.287742e+004 2.357047e+007 -7.004572e+004 401951
2.357051e+007 -9.265470e+004 2.357052e+007 -6.987217e+004 401952
2.357056e+007 -9.243132e+004 2.357056e+007 -6.969810e+004 401953
2.357060e+007 -9.220724e+004 2.357060e+007 -6.952349e+004 401954
2.357064e+007 -9.198251e+004 2.357064e+007 -6.934838e+004 401955
2.357068e+007 -9.175764e+004 2.357069e+007 -6.917315e+004 401956
2.357073e+007 -9.153244e+004 2.357073e+007 -6.899767e+004 401957
2.357077e+007 -9.130650e+004 2.357077e+007 -6.882162e+004 401958
2.357081e+007 -9.107987e+004 2.357082e+007 -6.864501e+004 401959
2.357086e+007 -9.085229e+004 2.357086e+007 -6.846768e+004 401960
2.357090e+007 -9.062415e+004 2.357090e+007 -6.828991e+004 401961
2.357094e+007 -9.039503e+004 2.357095e+007 -6.811137e+004 401962
2.357099e+007 -9.016548e+004 2.357099e+007 -6.793249e+004 401963
2.357103e+007 -8.993543e+004 2.357103e+007 -6.775324e+004 401964
2.357108e+007 -8.970120e+004 2.357108e+007 -6.757072e+004 401965
2.357112e+007 -8.946178e+004 2.357112e+007 -6.738415e+004 401966
2.357117e+007 -8.922341e+004 2.357117e+007 -6.719841e+004 401967
2.357121e+007 -8.898634e+004 2.357121e+007 -6.701367e+004 401968
2.357126e+007 -8.874976e+004 2.357126e+007 -6.682933e+004 401969
2.357130e+007 -8.851339e+004 2.357130e+007 -6.664514e+004 401970
2.357135e+007 -8.827756e+004 2.357135e+007 -6.646137e+004 401971
2.357139e+007 -8.804157e+004 2.357139e+007 -6.627748e+004 401972
2.357144e+007 -8.780571e+004 2.357144e+007 -6.609370e+004 401973
2.357148e+007 -8.757021e+004 2.357148e+007 -6.591020e+004 401974
2.357153e+007 -8.733480e+004 2.357153e+007 -6.572675e+004 401975
2.357162e+007 -8.686287e+004 2.357162e+007 -6.535900e+004 401977
2.357166e+007 -8.662617e+004 2.357166e+007 -6.517456e+004 401978
2.357171e+007 -8.638849e+004 2.357171e+007 -6.498935e+004 401979
2.357175e+007 -8.615013e+004 2.357175e+007 -6.480362e+004 401980
2.357180e+007 -8.591084e+004 2.357180e+007 -6.461715e+004 401981
2.357184e+007 -8.567115e+004 2.357185e+007 -6.443037e+004 401982
2.357189e+007 -8.543077e+004 2.357189e+007 -6.424307e+004 401983
2.357193e+007 -8.518932e+004 2.357194e+007 -6.405492e+004 401984
2.357198e+007 -8.494735e+004 2.357198e+007 -6.386637e+004 401985
2.357203e+007 -8.470496e+004 2.357203e+007 -6.367749e+004 401986
2.357207e+007 -8.446146e+004 2.357208e+007 -6.348775e+004 401987
2.357212e+007 -8.421737e+004 2.357212e+007 -6.329755e+004 401988
2.357217e+007 -8.397307e+004 2.357217e+007 -6.310719e+004 401989
2.357221e+007 -8.372775e+004 2.357222e+007 -6.291603e+004 401990
2.357226e+007 -8.348200e+004 2.357226e+007 -6.272453e+004 401991
2.357231e+007 -8.323518e+004 2.357231e+007 -6.253221e+004 401992
2.357235e+007 -8.298821e+004 2.357236e+007 -6.233976e+004 401993
2.357240e+007 -8.274032e+004 2.357240e+007 -6.214659e+004 401994
2.357245e+007 -8.249161e+004 2.357245e+007 -6.195279e+004 401995
2.357249e+007 -8.224253e+004 2.357250e+007 -6.175870e+004 401996
2.357254e+007 -8.199296e+004 2.357255e+007 -6.156423e+004 401997
2.357259e+007 -8.174315e+004 2.357259e+007 -6.136957e+004 401998
2.357264e+007 -8.149281e+004 2.357264e+007 -6.117449e+004 401999
2.357269e+007 -8.124223e+004 2.357269e+007 -6.097924e+004 402000
2.357273e+007 -8.099059e+004 2.357274e+007 -6.078315e+004 402001
2.357278e+007 -8.073823e+004 2.357278e+007 -6.058651e+004 402002
2.357283e+007 -8.048542e+004 2.357283e+007 -6.038951e+004 402003
2.357288e+007 -8.023222e+004 2.357288e+007 -6.019221e+004 402004
2.357293e+007 -7.997826e+004 2.357293e+007 -5.999431e+004 402005
2.357297e+007 -7.972354e+004 2.357298e+007 -5.979583e+004 402006
2.357302e+007 -7.946865e+004 2.357303e+007 -5.959722e+004 402007
2.357307e+007 -7.921304e+004 2.357307e+007 -5.939804e+004 402008
2.357312e+007 -7.895663e+004 2.357312e+007 -5.919823e+004 402009
2.357317e+007 -7.869944e+004 2.357317e+007 -5.899782e+004 402010
2.357322e+007 -7.844173e+004 2.357322e+007 -5.879701e+004 402011
2.357327e+007 -7.818304e+004 2.357327e+007 -5.859543e+004 402012
2.357332e+007 -7.792369e+004 2.357332e+007 -5.839333e+004 402013
2.357337e+007 -7.766385e+004 2.357337e+007 -5.819086e+004 402014
2.357342e+007 -7.740313e+004 2.357342e+007 -5.798770e+004 402015
2.357347e+007 -7.714179e+004 2.357347e+007 -5.778405e+004 402016
2.357352e+007 -7.688010e+004 2.357352e+007 -5.758014e+004 402017
2.357357e+007 -7.661830e+004 2.357357e+007 -5.737614e+004 402018
2.357362e+007 -7.635601e+004 2.357362e+007 -5.717175e+004 402019
2.357367e+007 -7.609301e+004 2.357367e+007 -5.696682e+004 402020
2.357372e+007 -7.582935e+004 2.357372e+007 -5.676136e+004 402021
2.357377e+007 -7.556510e+004 2.357377e+007 -5.655546e+004 402022
2.357382e+007 -7.529994e+004 2.357382e+007 -5.634884e+004 402023
2.357387e+007 -7.503436e+004 2.357387e+007 -5.614189e+004 402024
2.357392e+007 -7.476809e+004 2.357392e+007 -5.593439e+004 402025
2.357397e+007 -7.450116e+004 2.357397e+007 -5.572640e+004 402026
2.357402e+007 -7.423369e+004 2.357402e+007 -5.551798e+004 402027
2.357407e+007 -7.396565e+004 2.357407e+007 -5.530912e+004 402028
2.357412e+007 -7.369692e+004 2.357412e+007 -5.509972e+004 402029
2.357417e+007 -7.342725e+004 2.357418e+007 -5.488958e+004 402030
2.357422e+007 -7.315705e+004 2.357423e+007 -5.467904e+004 402031
2.357428e+007 -7.288642e+004 2.357428e+007 -5.446815e+004 402032
2.357433e+007 -7.261527e+004 2.357433e+007 -5.425687e+004 402033
2.357438e+007 -7.234337e+004 2.357438e+007 -5.404500e+004 402034
2.357443e+007 -7.207111e+004 2.357443e+007 -5.383284e+004 402035
2.357448e+007 -7.179867e+004 2.357449e+007 -5.362055e+004 402036
2.357453e+007 -7.152530e+004 2.357454e+007 -5.340752e+004 402037
2.357459e+007 -7.125120e+004 2.357459e+007 -5.319394e+004 402038
2.357464e+007 -7.097663e+004 2.357464e+007 -5.297998e+004 402039
2.357469e+007 -7.070145e+004 2.357469e+007 -5.276556e+004 402040
2.357474e+007 -7.042545e+004 2.357475e+007 -5.255050e+004 402041
2.357480e+007 -7.014905e+004 2.357480e+007 -5.233512e+004 402042
2.357485e+007 -6.987218e+004 2.357485e+007 -5.211937e+004 402043
2.357490e+007 -6.959458e+004 2.357491e+007 -5.190306e+004 402044
2.357495e+007 -6.931647e+004 2.357496e+007 -5.168636e+004 402045
2.357501e+007 -6.903799e+004 2.357501e+007 -5.146936e+004 402046
2.357506e+007 -6.875872e+004 2.357506e+007 -5.125174e+004 402047
2.357511e+007 -6.847876e+004 2.357512e+007 -5.103358e+004 402048
2.357517e+007 -6.819805e+004 2.357517e+007 -5.081485e+004 402049
2.357522e+007 -6.791679e+004 2.357522e+007 -5.059568e+004 402050
2.357527e+007 -6.763501e+004 2.357528e+007 -5.037611e+004 402051
2.357533e+007 -6.735260e+004 2.357533e+007 -5.015605e+004 402052
2.357538e+007 -6.706953e+004 2.357539e+007 -4.993548e+004 402053
2.357544e+007 -6.678556e+004 2.357544e+007 -4.971419e+004 402054
2.357549e+007 -6.650098e+004 2.357549e+007 -4.949244e+004 402055
2.357554e+007 -6.621613e+004 2.357555e+007 -4.927047e+004 402056
2.357560e+007 -6.593082e+004 2.357560e+007 -4.904815e+004 402057
2.357565e+007 -6.564474e+004 2.357566e+007 -4.882525e+004 402058
2.357571e+007 -6.535811e+004 2.357571e+007 -4.860189e+004 402059
2.357576e+007 -6.507124e+004 2.357577e+007 -4.837835e+004 402060
2.357582e+007 -6.478338e+004 2.357582e+007 -4.815404e+004 402061
2.357587e+007 -6.449481e+004 2.357588e+007 -4.792918e+004 402062
2.357593e+007 -6.420587e+004 2.357593e+007 -4.770403e+004 402063
2.357598e+007 -6.391639e+004 2.357599e+007 -4.747846e+004 402064
2.357604e+007 -6.362582e+004 2.357604e+007 -4.725204e+004 402065
2.357609e+007 -6.333487e+004 2.357610e+007 -4.702533e+004 402066
2.357615e+007 -6.304342e+004 2.357615e+007 -4.679822e+004 402067
2.357620e+007 -6.275121e+004 2.357621e+007 -4.657053e+004 402068
2.357626e+007 -6.245860e+004 2.357626e+007 -4.634251e+004 402069
2.357632e+007 -6.216603e+004 2.357632e+007 -4.611453e+004 402070
2.357637e+007 -6.187240e+004 2.357637e+007 -4.588572e+004 402071
2.357643e+007 -6.157782e+004 2.357643e+007 -4.565619e+004 402072
2.357648e+007 -6.128272e+004 2.357649e+007 -4.542624e+004 402073
2.357654e+007 -6.098688e+004 2.357654e+007 -4.519571e+004 402074
2.357660e+007 -6.069083e+004 2.357660e+007 -4.496502e+004 402075
2.357665e+007 -6.039448e+004 2.357666e+007 -4.473409e+004 402076
2.357671e+007 -6.009748e+004 2.357671e+007 -4.450267e+004 402077
2.357677e+007 -5.979949e+004 2.357677e+007 -4.427047e+004 402078
2.357682e+007 -5.950058e+004 2.357683e+007 -4.403755e+004 402079
2.357688e+007 -5.920103e+004 2.357688e+007 -4.380413e+004 402080
2.357694e+007 -5.890113e+004 2.357694e+007 -4.357043e+004 402081
2.357699e+007 -5.860067e+004 2.357700e+007 -4.333631e+004 402082
2.357705e+007 -5.829949e+004 2.357705e+007 -4.310162e+004 402083
2.357711e+007 -5.799780e+004 2.357711e+007 -4.286654e+004 402084
2.357717e+007 -5.769531e+004 2.357717e+007 -4.263083e+004 402085
2.357722e+007 -5.739226e+004 2.357723e+007 -4.239469e+004 402086
2.357728e+007 -5.708879e+004 2.357729e+007 -4.215822e+004 402087
2.357734e+007 -5.678474e+004 2.357734e+007 -4.192130e+004 402088
2.357740e+007 -5.648014e+004 2.357740e+007 -4.168395e+004 402089
2.357746e+007 -5.617497e+004 2.357746e+007 -4.144615e+004 402090
2.357751e+007 -5.586945e+004 2.357752e+007 -4.120808e+004 402091
2.357757e+007 -5.556338e+004 2.357758e+007 -4.096957e+004 402092
2.357763e+007 -5.525653e+004 2.357763e+007 -4.073048e+004 402093
2.357769e+007 -5.494902e+004 2.357769e+007 -4.049086e+004 402094
2.357775e+007 -5.464085e+004 2.357775e+007 -4.025073e+004 402095
2.357781e+007 -5.433153e+004 2.357781e+007 -4.000970e+004 402096
2.357787e+007 -5.402181e+004 2.357787e+007 -3.976836e+004 402097
2.357792e+007 -5.371180e+004 2.357793e+007 -3.952678e+004 402098
2.357798e+007 -5.340088e+004 2.357799e+007 -3.928451e+004 402099
2.357804e+007 -5.308937e+004 2.357805e+007 -3.904178e+004 402100
2.357810e+007 -5.277756e+004 2.357811e+007 -3.879880e+004 402101
2.357816e+007 -5.246528e+004 2.357816e+007 -3.855546e+004 402102
2.357822e+007 -5.215204e+004 2.357822e+007 -3.831138e+004 402103
2.357828e+007 -5.183782e+004 2.357828e+007 -3.806654e+004 402104
2.357834e+007 -5.152314e+004 2.357834e+007 -3.782133e+004 402105
2.357840e+007 -5.120793e+004 2.357840e+007 -3.757571e+004 402106
2.357846e+007 -5.089214e+004 2.357846e+007 -3.732964e+004 402107
2.357858e+007 -5.025906e+004 2.357858e+007 -3.683633e+004 402109
2.357864e+007 -4.994209e+004 2.357865e+007 -3.658934e+004 402110
2.357870e+007 -4.962437e+004 2.357871e+007 -3.634177e+004 402111
2.357876e+007 -4.930606e+004 2.357877e+007 -3.609374e+004 402112
2.357882e+007 -4.898709e+004 2.357883e+007 -3.584518e+004 402113
2.357888e+007 -4.866744e+004 2.357889e+007 -3.559610e+004 402114
2.357901e+007 -4.802743e+004 2.357901e+007 -3.509739e+004 402116
2.357907e+007 -4.770608e+004 2.357907e+007 -3.484699e+004 402117
2.357913e+007 -4.738402e+004 2.357913e+007 -3.459604e+004 402118
2.357925e+007 -4.673825e+004 2.357925e+007 -3.409284e+004 402120
2.357931e+007 -4.641451e+004 2.357932e+007 -3.384057e+004 402121
2.357937e+007 -4.608964e+004 2.357938e+007 -3.358743e+004 402122
2.357944e+007 -4.576422e+004 2.357944e+007 -3.333385e+004 402123
2.357950e+007 -4.543825e+004 2.357950e+007 -3.307984e+004 402124
2.357956e+007 -4.511156e+004 2.357956e+007 -3.282527e+004 402125
2.357962e+007 -4.478462e+004 2.357963e+007 -3.257051e+004 402126
2.357969e+007 -4.445714e+004 2.357969e+007 -3.231533e+004 402127
2.357975e+007 -4.412897e+004 2.357975e+007 -3.205963e+004 402128
2.357981e+007 -4.380035e+004 2.357981e+007 -3.180356e+004 402129
2.357987e+007 -4.347105e+004 2.357988e+007 -3.154696e+004 402130
2.357994e+007 -4.314107e+004 2.357994e+007 -3.128983e+004 402131
2.358000e+007 -4.281070e+004 2.358000e+007 -3.103240e+004 402132
2.358006e+007 -4.247975e+004 2.358006e+007 -3.077452e+004 402133
2.358012e+007 -4.214795e+004 2.358013e+007 -3.051597e+004 402134
2.358019e+007 -4.181573e+004 2.358019e+007 -3.025709e+004 402135
2.358025e+007 -4.148291e+004 2.358025e+007 -2.999775e+004 402136
2.358031e+007 -4.114933e+004 2.358032e+007 -2.973783e+004 402137
2.358038e+007 -4.081504e+004 2.358038e+007 -2.947733e+004 402138
2.358044e+007 -4.048007e+004 2.358045e+007 -2.921631e+004 402139
2.358051e+007 -4.014450e+004 2.358051e+007 -2.895483e+004 402140
2.358057e+007 -3.980826e+004 2.358057e+007 -2.869283e+004 402141
2.358063e+007 -3.947157e+004 2.358064e+007 -2.843047e+004 402142
2.358070e+007 -3.913415e+004 2.358070e+007 -2.816754e+004 402143
2.358076e+007 -3.879589e+004 2.358077e+007 -2.790396e+004 402144
2.358083e+007 -3.845755e+004 2.358083e+007 -2.764032e+004 402145
2.358089e+007 -3.811890e+004 2.358089e+007 -2.737644e+004 402146
2.358096e+007 -3.777946e+004 2.358096e+007 -2.711194e+004 402147
2.358102e+007 -3.743947e+004 2.358102e+007 -2.684701e+004 402148
2.358109e+007 -3.709882e+004 2.358109e+007 -2.658157e+004 402149
2.358115e+007 -3.675773e+004 2.358115e+007 -2.631578e+004 402150
2.358141e+007 -3.538474e+004 2.358141e+007 -2.524592e+004 402154
2.358161e+007 -3.434872e+004 2.358161e+007 -2.443863e+004 402157
2.358167e+007 -3.400250e+004 2.358168e+007 -2.416885e+004 402158
2.358174e+007 -3.365593e+004 2.358174e+007 -2.389880e+004 402159
2.358181e+007 -3.330886e+004 2.358181e+007 -2.362834e+004 402160
2.358187e+007 -3.296084e+004 2.358188e+007 -2.335716e+004 402161
2.358194e+007 -3.261210e+004 2.358194e+007 -2.308541e+004 402162
2.358201e+007 -3.226293e+004 2.358201e+007 -2.281333e+004 402163
2.358207e+007 -3.191353e+004 2.358208e+007 -2.254107e+004 402164
2.358214e+007 -3.156355e+004 2.358214e+007 -2.226836e+004 402165
2.358221e+007 -3.121296e+004 2.358221e+007 -2.199517e+004 402166
2.358241e+007 -3.015590e+004 2.358241e+007 -2.117150e+004 402169
2.358247e+007 -2.980197e+004 2.358248e+007 -2.089570e+004 402170
2.358268e+007 -2.873699e+004 2.358268e+007 -2.006585e+004 402173
2.358274e+007 -2.838082e+004 2.358275e+007 -1.978831e+004 402174
2.358281e+007 -2.802408e+004 2.358282e+007 -1.951033e+004 402175
2.358288e+007 -2.766713e+004 2.358288e+007 -1.923219e+004 402176
2.358295e+007 -2.730958e+004 2.358295e+007 -1.895357e+004 402177
2.358302e+007 -2.695157e+004 2.358302e+007 -1.867460e+004 402178
2.358308e+007 -2.659301e+004 2.358309e+007 -1.839520e+004 402179
2.358315e+007 -2.623352e+004 2.358316e+007 -1.811507e+004 402180
2.358322e+007 -2.587328e+004 2.358322e+007 -1.783436e+004 402181
2.358329e+007 -2.551254e+004 2.358329e+007 -1.755326e+004 402182
2.358336e+007 -2.515101e+004 2.358336e+007 -1.727155e+004 402183
2.358343e+007 -2.478887e+004 2.358343e+007 -1.698937e+004 402184
2.358350e+007 -2.442664e+004 2.358350e+007 -1.670712e+004 402185
2.358377e+007 -2.297112e+004 2.358378e+007 -1.557294e+004 402189
2.358384e+007 -2.260558e+004 2.358385e+007 -1.528811e+004 402190
2.358391e+007 -2.223908e+004 2.358392e+007 -1.500252e+004 402191
2.358398e+007 -2.187192e+004 2.358399e+007 -1.471642e+004 402192
2.358405e+007 -2.150460e+004 2.358406e+007 -1.443019e+004 402193
2.358412e+007 -2.113659e+004 2.358413e+007 -1.414343e+004 402194
2.358419e+007 -2.076796e+004 2.358420e+007 -1.385619e+004 402195
2.358426e+007 -2.039915e+004 2.358427e+007 -1.356881e+004 402196
2.358433e+007 -2.002951e+004 2.358434e+007 -1.328077e+004 402197
2.358440e+007 -1.965928e+004 2.358441e+007 -1.299228e+004 402198
2.358447e+007 -1.928828e+004 2.358448e+007 -1.270319e+004 402199
2.358455e+007 -1.891670e+004 2.358455e+007 -1.241365e+004 402200
2.358462e+007 -1.854451e+004 2.358462e+007 -1.212362e+004 402201
2.358469e+007 -1.817194e+004 2.358469e+007 -1.183331e+004 402202
2.358497e+007 -1.667480e+004 2.358497e+007 -1.066671e+004 402206
2.358504e+007 -1.629870e+004 2.358505e+007 -1.037364e+004 402207
2.358512e+007 -1.592167e+004 2.358512e+007 -1.007984e+004 402208
2.358519e+007 -1.554409e+004 2.358519e+007 -9.785621e+003 402209
2.358526e+007 -1.516590e+004 2.358526e+007 -9.490935e+003 402210
2.358533e+007 -1.478726e+004 2.358533e+007 -9.195885e+003 402211
2.358540e+007 -1.440805e+004 2.358541e+007 -8.900390e+003 402212
2.358548e+007 -1.402842e+004 2.358548e+007 -8.604575e+003 402213
2.358555e+007 -1.364833e+004 2.358555e+007 -8.308407e+003 402214
2.358562e+007 -1.326793e+004 2.358562e+007 -8.011984e+003 402215
2.358569e+007 -1.288684e+004 2.358570e+007 -7.715029e+003 402216
2.358577e+007 -1.250488e+004 2.358577e+007 -7.417396e+003 402217
2.358584e+007 -1.212245e+004 2.358584e+007 -7.119405e+003 402218
2.358591e+007 -1.173934e+004 2.358591e+007 -6.820868e+003 402219
2.358598e+007 -1.135608e+004 2.358599e+007 -6.522226e+003 402220
2.358620e+007 -1.020175e+004 2.358621e+007 -5.622744e+003 402223
2.358628e+007 -9.815940e+003 2.358628e+007 -5.322112e+003 402224
2.358635e+007 -9.429277e+003 2.358635e+007 -5.020814e+003 402225
2.358650e+007 -8.654031e+003 2.358650e+007 -4.416728e+003 402227
2.358657e+007 -8.265829e+003 2.358657e+007 -4.114230e+003 402228
2.358665e+007 -7.876702e+003 2.358665e+007 -3.811008e+003 402229
2.358672e+007 -7.486865e+003 2.358672e+007 -3.507239e+003 402230
2.358680e+007 -7.096659e+003 2.358680e+007 -3.203177e+003 402231
2.358687e+007 -6.706118e+003 2.358687e+007 -2.898860e+003 402232
2.358694e+007 -6.314796e+003 2.358695e+007 -2.593925e+003 402233
2.358717e+007 -5.136459e+003 2.358717e+007 -1.675741e+003 402236
2.358724e+007 -4.742485e+003 2.358724e+007 -1.368744e+003 402237
2.358739e+007 -3.952463e+003 2.358740e+007 -7.531450e+002 402239
2.358747e+007 -3.556486e+003 2.358747e+007 -4.445940e+002 402240
2.358754e+007 -3.159811e+003 2.358755e+007 -1.354930e+002 402241
2.358770e+007 -2.364883e+003 2.358770e+007 4.839335e+002 402243
2.358777e+007 -1.966459e+003 2.358777e+007 7.943930e+002 402244
2.358792e+007 -1.168120e+003 2.358792e+007 1.416474e+003 402246
2.358800e+007 -7.679905e+002 2.358800e+007 1.728269e+003 402247
2.358808e+007 -3.676880e+002 2.358808e+007 2.040189e+003 402248
2.358815e+007 3.281550e+001 2.358815e+007 2.352278e+003 402249
2.358823e+007 4.340840e+002 2.358823e+007 2.664957e+003 402250
2.358830e+007 8.361725e+002 2.358831e+007 2.978270e+003 402251
2.358838e+007 1.239078e+003 2.358838e+007 3.292228e+003 402252
2.358846e+007 1.642735e+003 2.358846e+007 3.606772e+003 402253
2.358854e+007 2.047010e+003 2.358854e+007 3.921782e+003 402254
2.358877e+007 3.264274e+003 2.358877e+007 4.870300e+003 402257
2.358892e+007 4.077964e+003 2.358892e+007 5.504349e+003 402259
2.358900e+007 4.485790e+003 2.358900e+007 5.822137e+003 402260
2.358908e+007 4.894124e+003 2.358908e+007 6.140323e+003 402261
2.358915e+007 5.302947e+003 2.358916e+007 6.458887e+003 402262
2.358923e+007 5.712408e+003 2.358923e+007 6.777952e+003 402263
2.358931e+007 6.122784e+003 2.358931e+007 7.097724e+003 402264
2.358939e+007 6.533684e+003 2.358939e+007 7.417902e+003 402265
2.358962e+007 7.769226e+003 2.358963e+007 8.380669e+003 402268
2.358970e+007 8.182395e+003 2.358970e+007 8.702621e+003 402269
2.358994e+007 9.425704e+003 2.358994e+007 9.671431e+003 402272
2.359002e+007 9.840937e+003 2.359002e+007 9.994991e+003 402273
2.359010e+007 1.025722e+004 2.359010e+007 1.031937e+004 402274
2.359018e+007 1.067412e+004 2.359018e+007 1.064423e+004 402275
2.359026e+007 1.109111e+004 2.359026e+007 1.096916e+004 402276
2.359034e+007 1.150937e+004 2.359034e+007 1.129507e+004 402277
2.359042e+007 1.192817e+004 2.359042e+007 1.162142e+004 402278
2.359050e+007 1.234754e+004 2.359050e+007 1.194820e+004 402279
2.359058e+007 1.276751e+004 2.359058e+007 1.227545e+004 402280
2.359066e+007 1.318795e+004 2.359066e+007 1.260307e+004 402281
2.359074e+007 1.360911e+004 2.359074e+007 1.293124e+004 402282
2.359082e+007 1.403092e+004 2.359082e+007 1.325992e+004 402283
2.359106e+007 1.529931e+004 2.359106e+007 1.424829e+004 402286
2.359114e+007 1.572310e+004 2.359114e+007 1.457850e+004 402287
2.359130e+007 1.657259e+004 2.359130e+007 1.524045e+004 402289
2.359138e+007 1.699854e+004 2.359138e+007 1.557236e+004 402290
2.359146e+007 1.742517e+004 2.359146e+007 1.590481e+004 402291
2.359154e+007 1.785272e+004 2.359154e+007 1.623796e+004 402292
2.359162e+007 1.828054e+004 2.359163e+007 1.657133e+004 402293
2.359171e+007 1.870864e+004 2.359171e+007 1.690490e+004 402294
2.359179e+007 1.913763e+004 2.359179e+007 1.723919e+004 402295
2.359187e+007 1.956733e+004 2.359187e+007 1.757402e+004 402296
2.359195e+007 1.999755e+004 2.359195e+007 1.790926e+004 402297
2.359203e+007 2.042815e+004 2.359203e+007 1.824480e+004 402298
2.359228e+007 2.172373e+004 2.359228e+007 1.925433e+004 402301
2.359261e+007 2.345882e+004 2.359261e+007 2.060636e+004 402305
2.359269e+007 2.389438e+004 2.359269e+007 2.094575e+004 402306
2.359278e+007 2.433061e+004 2.359278e+007 2.128567e+004 402307
2.359286e+007 2.476714e+004 2.359286e+007 2.162582e+004 402308
2.359294e+007 2.520460e+004 2.359294e+007 2.196671e+004 402309
2.359303e+007 2.564301e+004 2.359303e+007 2.230833e+004 402310
2.359311e+007 2.608153e+004 2.359311e+007 2.265003e+004 402311
2.359319e+007 2.652070e+004 2.359319e+007 2.299225e+004 402312
2.359328e+007 2.696089e+004 2.359328e+007 2.333526e+004 402313
2.359353e+007 2.828426e+004 2.359353e+007 2.436645e+004 402316
2.359370e+007 2.916890e+004 2.359370e+007 2.505577e+004 402318
2.359378e+007 2.961197e+004 2.359378e+007 2.540103e+004 402319
2.359395e+007 3.049919e+004 2.359395e+007 2.609237e+004 402321
2.359403e+007 3.094423e+004 2.359404e+007 2.643915e+004 402322
2.359412e+007 3.139031e+004 2.359412e+007 2.678675e+004 402323
2.359420e+007 3.183712e+004 2.359421e+007 2.713492e+004 402324
2.359429e+007 3.228399e+004 2.359429e+007 2.748313e+004 402325
2.359454e+007 3.362928e+004 2.359455e+007 2.853140e+004 402328
2.359472e+007 3.452942e+004 2.359472e+007 2.923282e+004 402330
2.359480e+007 3.498003e+004 2.359480e+007 2.958395e+004 402331
2.359497e+007 3.588254e+004 2.359498e+007 3.028721e+004 402333
2.359506e+007 3.633463e+004 2.359506e+007 3.063948e+004 402334
2.359515e+007 3.678768e+004 2.359515e+007 3.099250e+004 402335
2.359523e+007 3.724111e+004 2.359523e+007 3.134582e+004 402336
2.359532e+007 3.769519e+004 2.359532e+007 3.169965e+004 402337
2.359558e+007 3.906142e+004 2.359558e+007 3.276425e+004 402340
2.359575e+007 3.997530e+004 2.359575e+007 3.347637e+004 402342
2.359584e+007 4.043291e+004 2.359584e+007 3.383295e+004 402343
2.359601e+007 4.134944e+004 2.359602e+007 3.454714e+004 402345
2.359610e+007 4.180930e+004 2.359610e+007 3.490547e+004 402346
2.359619e+007 4.226990e+004 2.359619e+007 3.526438e+004 402347
2.359628e+007 4.273125e+004 2.359628e+007 3.562387e+004 402348
2.359636e+007 4.319307e+004 2.359637e+007 3.598373e+004 402349
2.359672e+007 4.504534e+004 2.359672e+007 3.742707e+004 402353
2.359681e+007 4.550970e+004 2.359681e+007 3.778890e+004 402354
2.359707e+007 4.690628e+004 2.359707e+007 3.887715e+004 402357
2.359716e+007 4.737332e+004 2.359716e+007 3.924109e+004 402358
2.359725e+007 4.784058e+004 2.359725e+007 3.960519e+004 402359
2.359734e+007 4.830767e+004 2.359734e+007 3.996915e+004 402360
2.359743e+007 4.877572e+004 2.359743e+007 4.033387e+004 402361
2.359752e+007 4.924515e+004 2.359752e+007 4.069966e+004 402362
