2.093925e+007 -4.621165e+005 2.093926e+007 -3.433526e+005 401170
2.093441e+007 -4.875556e+005 2.093442e+007 -3.631753e+005 401171
2.093088e+007 -5.061365e+005 2.093088e+007 -3.776539e+005 401172
2.092843e+007 -5.189838e+005 2.092843e+007 -3.876648e+005 401173
2.092687e+007 -5.271763e+005 2.092688e+007 -3.940486e+005 401174
2.092567e+007 -5.334678e+005 2.092568e+007 -3.989511e+005 401176
2.092572e+007 -5.332185e+005 2.092573e+007 -3.987568e+005 401177
2.092603e+007 -5.316041e+005 2.092603e+007 -3.974988e+005 401178
2.092650e+007 -5.291501e+005 2.092650e+007 -3.955866e+005 401179
2.092704e+007 -5.262697e+005 2.092705e+007 -3.933421e+005 401180
2.092761e+007 -5.232790e+005 2.092762e+007 -3.910117e+005 401181
2.092816e+007 -5.204081e+005 2.092816e+007 -3.887747e+005 401182
2.092865e+007 -5.178158e+005 2.092866e+007 -3.867547e+005 401183
2.092941e+007 -5.138179e+005 2.092942e+007 -3.836394e+005 401185
2.092967e+007 -5.124812e+005 2.092967e+007 -3.825978e+005 401186
2.092984e+007 -5.115811e+005 2.092984e+007 -3.818965e+005 401187
2.092993e+007 -5.110899e+005 2.092994e+007 -3.815137e+005 401188
2.092996e+007 -5.109678e+005 2.092996e+007 -3.814186e+005 401189
2.092992e+007 -5.111678e+005 2.092992e+007 -3.815744e+005 401190
2.092983e+007 -5.116416e+005 2.092983e+007 -3.819436e+005 401191
2.092970e+007 -5.123416e+005 2.092970e+007 -3.824890e+005 401192
2.092953e+007 -5.132222e+005 2.092953e+007 -3.831752e+005 401193
2.092933e+007 -5.142426e+005 2.092934e+007 -3.839704e+005 401194
2.092912e+007 -5.153673e+005 2.092912e+007 -3.848468e+005 401195
2.092889e+007 -5.165646e+005 2.092889e+007 -3.857797e+005 401196
2.092865e+007 -5.178092e+005 2.092866e+007 -3.867495e+005 401197
2.092817e+007 -5.203643e+005 2.092817e+007 -3.887405e+005 401199
2.092792e+007 -5.216480e+005 2.092793e+007 -3.897408e+005 401200
2.092744e+007 -5.241810e+005 2.092746e+007 -3.917145e+005 401202
2.090611e+007 -1.418376e+005 2.090612e+007 -1.072657e+005 401304
2.090591e+007 -1.429173e+005 2.090591e+007 -1.081070e+005 401305
2.090570e+007 -1.440049e+005 2.090570e+007 -1.089545e+005 401306
2.090549e+007 -1.450856e+005 2.090550e+007 -1.097965e+005 401307
2.090529e+007 -1.461667e+005 2.090529e+007 -1.106390e+005 401308
2.090508e+007 -1.472544e+005 2.090509e+007 -1.114865e+005 401309
2.090488e+007 -1.483333e+005 2.090488e+007 -1.123272e+005 401310
2.090467e+007 -1.494191e+005 2.090467e+007 -1.131733e+005 401311
2.090446e+007 -1.505063e+005 2.090447e+007 -1.140204e+005 401312
2.090426e+007 -1.515904e+005 2.090426e+007 -1.148653e+005 401313
2.090405e+007 -1.526733e+005 2.090405e+007 -1.157090e+005 401314
2.090385e+007 -1.537455e+005 2.090385e+007 -1.165445e+005 401315
2.090364e+007 -1.548165e+005 2.090365e+007 -1.173790e+005 401316
2.090344e+007 -1.558877e+005 2.090344e+007 -1.182138e+005 401317
2.090323e+007 -1.569595e+005 2.090324e+007 -1.190489e+005 401318
2.090303e+007 -1.580325e+005 2.090303e+007 -1.198850e+005 401319
2.090283e+007 -1.591066e+005 2.090283e+007 -1.207220e+005 401320
2.090262e+007 -1.601805e+005 2.090263e+007 -1.215588e+005 401321
2.090242e+007 -1.612547e+005 2.090242e+007 -1.223958e+005 401322
2.090221e+007 -1.623293e+005 2.090222e+007 -1.232332e+005 401323
2.090201e+007 -1.634040e+005 2.090201e+007 -1.240706e+005 401324
2.090180e+007 -1.644783e+005 2.090181e+007 -1.249078e+005 401325
2.090160e+007 -1.655528e+005 2.090160e+007 -1.257450e+005 401326
2.090140e+007 -1.666272e+005 2.090140e+007 -1.265822e+005 401327
2.090119e+007 -1.677014e+005 2.090119e+007 -1.274193e+005 401328
2.090099e+007 -1.687760e+005 2.090099e+007 -1.282566e+005 401329
2.090078e+007 -1.698503e+005 2.090079e+007 -1.290937e+005 401330
2.090058e+007 -1.709237e+005 2.090058e+007 -1.299301e+005 401331
2.090037e+007 -1.719970e+005 2.090038e+007 -1.307665e+005 401332
2.090017e+007 -1.730701e+005 2.090017e+007 -1.316026e+005 401333
2.089996e+007 -1.741428e+005 2.089997e+007 -1.324385e+005 401334
2.089976e+007 -1.752159e+005 2.089976e+007 -1.332747e+005 401335
2.089956e+007 -1.762889e+005 2.089956e+007 -1.341108e+005 401336
2.089935e+007 -1.773610e+005 2.089936e+007 -1.349462e+005 401337
2.089915e+007 -1.784329e+005 2.089915e+007 -1.357814e+005 401338
2.089894e+007 -1.795042e+005 2.089895e+007 -1.366162e+005 401339
2.089874e+007 -1.805752e+005 2.089874e+007 -1.374507e+005 401340
2.089854e+007 -1.816462e+005 2.089854e+007 -1.382853e+005 401341
2.089833e+007 -1.827169e+005 2.089834e+007 -1.391196e+005 401342
2.089813e+007 -1.837872e+005 2.089813e+007 -1.399536e+005 401343
2.089793e+007 -1.848572e+005 2.089793e+007 -1.407874e+005 401344
2.089772e+007 -1.859270e+005 2.089773e+007 -1.416210e+005 401345
2.089752e+007 -1.869965e+005 2.089752e+007 -1.424544e+005 401346
2.089732e+007 -1.880652e+005 2.089732e+007 -1.432871e+005 401347
2.089711e+007 -1.891336e+005 2.089712e+007 -1.441197e+005 401348
2.089691e+007 -1.902019e+005 2.089691e+007 -1.449521e+005 401349
2.089671e+007 -1.912701e+005 2.089671e+007 -1.457844e+005 401350
2.089650e+007 -1.923384e+005 2.089651e+007 -1.466168e+005 401351
2.089630e+007 -1.934062e+005 2.089630e+007 -1.474489e+005 401352
2.089610e+007 -1.944740e+005 2.089610e+007 -1.482810e+005 401353
2.089589e+007 -1.955416e+005 2.089590e+007 -1.491129e+005 401354
2.089569e+007 -1.966093e+005 2.089569e+007 -1.499448e+005 401355
2.089549e+007 -1.976771e+005 2.089549e+007 -1.507769e+005 401356
2.089528e+007 -1.987448e+005 2.089529e+007 -1.516089e+005 401357
2.089508e+007 -1.998117e+005 2.089508e+007 -1.524402e+005 401358
2.089488e+007 -2.008780e+005 2.089488e+007 -1.532711e+005 401359
2.089467e+007 -2.019437e+005 2.089468e+007 -1.541015e+005 401360
2.089447e+007 -2.030093e+005 2.089448e+007 -1.549319e+005 401361
2.089427e+007 -2.040752e+005 2.089427e+007 -1.557624e+005 401362
2.089407e+007 -2.051406e+005 2.089407e+007 -1.565926e+005 401363
2.089386e+007 -2.062056e+005 2.089387e+007 -1.574225e+005 401364
2.089366e+007 -2.072702e+005 2.089366e+007 -1.582520e+005 401365
2.089346e+007 -2.083344e+005 2.089346e+007 -1.590813e+005 401366
2.089326e+007 -2.093984e+005 2.089326e+007 -1.599103e+005 401367
2.089305e+007 -2.104619e+005 2.089306e+007 -1.607391e+005 401368
2.089285e+007 -2.115252e+005 2.089286e+007 -1.615676e+005 401369
2.089265e+007 -2.125886e+005 2.089265e+007 -1.623962e+005 401370
2.089245e+007 -2.136518e+005 2.089245e+007 -1.632247e+005 401371
2.089224e+007 -2.147152e+005 2.089225e+007 -1.640533e+005 401372
2.089204e+007 -2.157788e+005 2.089205e+007 -1.648821e+005 401373
2.089184e+007 -2.168419e+005 2.089184e+007 -1.657105e+005 401374
2.089164e+007 -2.179049e+005 2.089164e+007 -1.665388e+005 401375
2.089144e+007 -2.189678e+005 2.089144e+007 -1.673671e+005 401376
2.089123e+007 -2.200307e+005 2.089124e+007 -1.681952e+005 401377
2.089103e+007 -2.210929e+005 2.089103e+007 -1.690229e+005 401378
2.089083e+007 -2.221546e+005 2.089083e+007 -1.698503e+005 401379
2.089063e+007 -2.232161e+005 2.089063e+007 -1.706774e+005 401380
2.089042e+007 -2.242774e+005 2.089043e+007 -1.715044e+005 401381
2.089022e+007 -2.253388e+005 2.089023e+007 -1.723314e+005 401382
2.089002e+007 -2.263996e+005 2.089002e+007 -1.731580e+005 401383
2.088982e+007 -2.274600e+005 2.088982e+007 -1.739843e+005 401384
2.088962e+007 -2.285205e+005 2.088962e+007 -1.748107e+005 401385
2.088942e+007 -2.295807e+005 2.088942e+007 -1.756368e+005 401386
2.088921e+007 -2.306402e+005 2.088922e+007 -1.764624e+005 401387
2.088901e+007 -2.316993e+005 2.088902e+007 -1.772877e+005 401388
2.088881e+007 -2.327585e+005 2.088881e+007 -1.781130e+005 401389
2.088861e+007 -2.338174e+005 2.088861e+007 -1.789381e+005 401390
2.088841e+007 -2.348758e+005 2.088841e+007 -1.797629e+005 401391
2.088821e+007 -2.359340e+005 2.088821e+007 -1.805875e+005 401392
2.088801e+007 -2.369920e+005 2.088801e+007 -1.814118e+005 401393
2.088780e+007 -2.380494e+005 2.088781e+007 -1.822358e+005 401394
2.088760e+007 -2.391067e+005 2.088761e+007 -1.830597e+005 401395
2.088740e+007 -2.401639e+005 2.088741e+007 -1.838835e+005 401396
2.088720e+007 -2.412208e+005 2.088720e+007 -1.847070e+005 401397
2.088700e+007 -2.422773e+005 2.088700e+007 -1.855302e+005 401398
2.088680e+007 -2.433336e+005 2.088680e+007 -1.863533e+005 401399
2.088660e+007 -2.443898e+005 2.088660e+007 -1.871764e+005 401400
2.088640e+007 -2.454459e+005 2.088640e+007 -1.879993e+005 401401
2.088620e+007 -2.465015e+005 2.088620e+007 -1.888218e+005 401402
2.088600e+007 -2.475568e+005 2.088600e+007 -1.896441e+005 401403
2.088579e+007 -2.486119e+005 2.088580e+007 -1.904663e+005 401404
2.088559e+007 -2.496669e+005 2.088560e+007 -1.912884e+005 401405
2.088539e+007 -2.507216e+005 2.088540e+007 -1.921103e+005 401406
2.088519e+007 -2.517762e+005 2.088520e+007 -1.929320e+005 401407
2.088479e+007 -2.538843e+005 2.088479e+007 -1.945746e+005 401409
2.088459e+007 -2.549377e+005 2.088459e+007 -1.953955e+005 401410
2.088439e+007 -2.559910e+005 2.088439e+007 -1.962163e+005 401411
2.088419e+007 -2.570440e+005 2.088419e+007 -1.970368e+005 401412
2.088399e+007 -2.580964e+005 2.088399e+007 -1.978568e+005 401413
2.088379e+007 -2.591488e+005 2.088379e+007 -1.986769e+005 401414
2.088359e+007 -2.602014e+005 2.088359e+007 -1.994971e+005 401415
2.088339e+007 -2.612535e+005 2.088339e+007 -2.003169e+005 401416
2.088319e+007 -2.623052e+005 2.088319e+007 -2.011364e+005 401417
2.088299e+007 -2.633568e+005 2.088299e+007 -2.019558e+005 401418
2.088279e+007 -2.644080e+005 2.088279e+007 -2.027749e+005 401419
2.088259e+007 -2.654588e+005 2.088259e+007 -2.035937e+005 401420
2.088239e+007 -2.665096e+005 2.088239e+007 -2.044125e+005 401421
2.088219e+007 -2.675603e+005 2.088219e+007 -2.052313e+005 401422
2.088199e+007 -2.686109e+005 2.088199e+007 -2.060499e+005 401423
2.088179e+007 -2.696614e+005 2.088179e+007 -2.068685e+005 401424
2.088159e+007 -2.707114e+005 2.088159e+007 -2.076867e+005 401425
2.088139e+007 -2.717613e+005 2.088139e+007 -2.085048e+005 401426
2.088119e+007 -2.728106e+005 2.088119e+007 -2.093224e+005 401427
2.088099e+007 -2.738598e+005 2.088099e+007 -2.101400e+005 401428
2.088079e+007 -2.749087e+005 2.088079e+007 -2.109573e+005 401429
2.088059e+007 -2.759571e+005 2.088059e+007 -2.117742e+005 401430
2.088039e+007 -2.770050e+005 2.088039e+007 -2.125908e+005 401431
2.087999e+007 -2.791007e+005 2.088000e+007 -2.142238e+005 401433
2.087979e+007 -2.801486e+005 2.087980e+007 -2.150404e+005 401434
2.087959e+007 -2.811960e+005 2.087960e+007 -2.158565e+005 401435
2.087920e+007 -2.832897e+005 2.087920e+007 -2.174879e+005 401437
2.087900e+007 -2.843364e+005 2.087900e+007 -2.183036e+005 401438
2.087880e+007 -2.853826e+005 2.087880e+007 -2.191188e+005 401439
2.087860e+007 -2.864284e+005 2.087860e+007 -2.199337e+005 401440
2.087840e+007 -2.874740e+005 2.087840e+007 -2.207484e+005 401441
2.087820e+007 -2.885197e+005 2.087820e+007 -2.215632e+005 401442
2.087800e+007 -2.895652e+005 2.087800e+007 -2.223779e+005 401443
2.087780e+007 -2.906102e+005 2.087781e+007 -2.231922e+005 401444
2.087760e+007 -2.916550e+005 2.087761e+007 -2.240064e+005 401445
2.087721e+007 -2.937433e+005 2.087721e+007 -2.256336e+005 401447
2.087701e+007 -2.947868e+005 2.087701e+007 -2.264467e+005 401448
2.087681e+007 -2.958301e+005 2.087681e+007 -2.272597e+005 401449
2.087661e+007 -2.968732e+005 2.087661e+007 -2.280725e+005 401450
2.087641e+007 -2.979164e+005 2.087642e+007 -2.288853e+005 401451
2.087621e+007 -2.989597e+005 2.087622e+007 -2.296983e+005 401452
2.087582e+007 -3.010450e+005 2.087582e+007 -2.313232e+005 401454
2.087562e+007 -3.020870e+005 2.087562e+007 -2.321352e+005 401455
2.087542e+007 -3.031287e+005 2.087542e+007 -2.329469e+005 401456
2.087502e+007 -3.052114e+005 2.087503e+007 -2.345698e+005 401458
2.087483e+007 -3.062528e+005 2.087483e+007 -2.353812e+005 401459
2.087463e+007 -3.072937e+005 2.087463e+007 -2.361924e+005 401460
2.087443e+007 -3.083346e+005 2.087443e+007 -2.370034e+005 401461
2.087423e+007 -3.093753e+005 2.087423e+007 -2.378144e+005 401462
2.087403e+007 -3.104160e+005 2.087404e+007 -2.386253e+005 401463
2.087384e+007 -3.114561e+005 2.087384e+007 -2.394358e+005 401464
2.087364e+007 -3.124957e+005 2.087364e+007 -2.402459e+005 401465
2.087344e+007 -3.135347e+005 2.087344e+007 -2.410554e+005 401466
2.087324e+007 -3.145739e+005 2.087325e+007 -2.418652e+005 401467
2.087304e+007 -3.156129e+005 2.087305e+007 -2.426748e+005 401468
2.087285e+007 -3.166514e+005 2.087285e+007 -2.434840e+005 401469
2.087265e+007 -3.176904e+005 2.087265e+007 -2.442937e+005 401470
2.087245e+007 -3.187295e+005 2.087245e+007 -2.451034e+005 401471
2.087225e+007 -3.197672e+005 2.087226e+007 -2.459120e+005 401472
2.087186e+007 -3.218407e+005 2.087186e+007 -2.475277e+005 401474
2.087166e+007 -3.228770e+005 2.087167e+007 -2.483352e+005 401475
2.087147e+007 -3.239131e+005 2.087147e+007 -2.491425e+005 401476
2.087127e+007 -3.249495e+005 2.087127e+007 -2.499501e+005 401477
2.087107e+007 -3.259859e+005 2.087107e+007 -2.507577e+005 401478
2.087087e+007 -3.270219e+005 2.087088e+007 -2.515649e+005 401479
2.087068e+007 -3.280576e+005 2.087068e+007 -2.523720e+005 401480
2.087048e+007 -3.290931e+005 2.087048e+007 -2.531789e+005 401481
2.087028e+007 -3.301282e+005 2.087029e+007 -2.539855e+005 401482
2.087009e+007 -3.311632e+005 2.087009e+007 -2.547919e+005 401483
2.086969e+007 -3.332325e+005 2.086970e+007 -2.564044e+005 401485
2.086950e+007 -3.342668e+005 2.086950e+007 -2.572103e+005 401486
2.086930e+007 -3.353007e+005 2.086930e+007 -2.580160e+005 401487
2.086910e+007 -3.363347e+005 2.086910e+007 -2.588217e+005 401488
2.086871e+007 -3.384022e+005 2.086871e+007 -2.604327e+005 401490
2.086851e+007 -3.394344e+005 2.086851e+007 -2.612370e+005 401491
2.086832e+007 -3.404671e+005 2.086832e+007 -2.620418e+005 401492
2.086812e+007 -3.414995e+005 2.086812e+007 -2.628462e+005 401493
2.086773e+007 -3.435637e+005 2.086773e+007 -2.644547e+005 401495
2.086753e+007 -3.445956e+005 2.086753e+007 -2.652588e+005 401496
2.086733e+007 -3.456272e+005 2.086734e+007 -2.660626e+005 401497
2.086714e+007 -3.466582e+005 2.086714e+007 -2.668660e+005 401498
2.086694e+007 -3.476888e+005 2.086694e+007 -2.676690e+005 401499
2.086655e+007 -3.497501e+005 2.086655e+007 -2.692752e+005 401501
2.086635e+007 -3.507801e+005 2.086636e+007 -2.700779e+005 401502
2.086616e+007 -3.518099e+005 2.086616e+007 -2.708803e+005 401503
2.086596e+007 -3.528397e+005 2.086596e+007 -2.716827e+005 401504
2.086576e+007 -3.538688e+005 2.086577e+007 -2.724846e+005 401505
2.086557e+007 -3.548976e+005 2.086557e+007 -2.732863e+005 401506
2.086537e+007 -3.559265e+005 2.086538e+007 -2.740880e+005 401507
2.086518e+007 -3.569547e+005 2.086518e+007 -2.748892e+005 401508
2.086498e+007 -3.579827e+005 2.086499e+007 -2.756902e+005 401509
2.086479e+007 -3.590110e+005 2.086479e+007 -2.764915e+005 401510
2.086459e+007 -3.600391e+005 2.086459e+007 -2.772926e+005 401511
2.086440e+007 -3.610666e+005 2.086440e+007 -2.780933e+005 401512
2.086420e+007 -3.620935e+005 2.086420e+007 -2.788935e+005 401513
2.086381e+007 -3.641472e+005 2.086381e+007 -2.804938e+005 401515
2.086361e+007 -3.651743e+005 2.086362e+007 -2.812941e+005 401516
2.086342e+007 -3.662006e+005 2.086342e+007 -2.820938e+005 401517
2.086322e+007 -3.672268e+005 2.086323e+007 -2.828935e+005 401518
2.086303e+007 -3.682527e+005 2.086303e+007 -2.836929e+005 401519
2.086283e+007 -3.692779e+005 2.086284e+007 -2.844917e+005 401520
2.086264e+007 -3.703029e+005 2.086264e+007 -2.852904e+005 401521
2.086244e+007 -3.713277e+005 2.086245e+007 -2.860889e+005 401522
2.086225e+007 -3.723522e+005 2.086225e+007 -2.868872e+005 401523
2.086205e+007 -3.733768e+005 2.086206e+007 -2.876856e+005 401524
2.086186e+007 -3.744016e+005 2.086186e+007 -2.884842e+005 401525
2.086166e+007 -3.754260e+005 2.086167e+007 -2.892825e+005 401526
2.086147e+007 -3.764503e+005 2.086147e+007 -2.900806e+005 401527
2.086127e+007 -3.774742e+005 2.086128e+007 -2.908784e+005 401528
2.086108e+007 -3.784976e+005 2.086108e+007 -2.916759e+005 401529
2.086088e+007 -3.795207e+005 2.086089e+007 -2.924731e+005 401530
2.086069e+007 -3.805434e+005 2.086069e+007 -2.932700e+005 401531
2.086049e+007 -3.815658e+005 2.086050e+007 -2.940667e+005 401532
2.086030e+007 -3.825880e+005 2.086030e+007 -2.948632e+005 401533
2.086011e+007 -3.836099e+005 2.086011e+007 -2.956595e+005 401534
2.085991e+007 -3.846315e+005 2.085991e+007 -2.964556e+005 401535
2.085972e+007 -3.856531e+005 2.085972e+007 -2.972516e+005 401536
2.085952e+007 -3.866741e+005 2.085953e+007 -2.980472e+005 401537
2.085933e+007 -3.876944e+005 2.085933e+007 -2.988422e+005 401538
2.085913e+007 -3.887148e+005 2.085914e+007 -2.996374e+005 401539
2.085894e+007 -3.897352e+005 2.085894e+007 -3.004325e+005 401540
2.085855e+007 -3.917758e+005 2.085855e+007 -3.020225e+005 401542
2.085836e+007 -3.927958e+005 2.085836e+007 -3.028174e+005 401543
2.085816e+007 -3.938153e+005 2.085817e+007 -3.036118e+005 401544
2.085797e+007 -3.948345e+005 2.085797e+007 -3.044059e+005 401545
2.085778e+007 -3.958533e+005 2.085778e+007 -3.051998e+005 401546
2.085758e+007 -3.968717e+005 2.085759e+007 -3.059934e+005 401547
2.085739e+007 -3.978899e+005 2.085739e+007 -3.067867e+005 401548
2.085719e+007 -3.989079e+005 2.085720e+007 -3.075800e+005 401549
2.085681e+007 -4.009437e+005 2.085681e+007 -3.091664e+005 401551
2.085661e+007 -4.019618e+005 2.085662e+007 -3.099597e+005 401552
2.085642e+007 -4.029793e+005 2.085642e+007 -3.107525e+005 401553
2.085623e+007 -4.039960e+005 2.085623e+007 -3.115447e+005 401554
2.085584e+007 -4.060283e+005 2.085584e+007 -3.131284e+005 401556
2.085565e+007 -4.070444e+005 2.085565e+007 -3.139201e+005 401557
2.085545e+007 -4.080602e+005 2.085546e+007 -3.147117e+005 401558
2.085507e+007 -4.100911e+005 2.085507e+007 -3.162942e+005 401560
2.085487e+007 -4.111062e+005 2.085488e+007 -3.170852e+005 401561
2.085468e+007 -4.121207e+005 2.085468e+007 -3.178757e+005 401562
2.085449e+007 -4.131350e+005 2.085449e+007 -3.186661e+005 401563
2.085429e+007 -4.141492e+005 2.085430e+007 -3.194563e+005 401564
2.085410e+007 -4.151633e+005 2.085410e+007 -3.202466e+005 401565
2.085391e+007 -4.161771e+005 2.085391e+007 -3.210365e+005 401566
2.085372e+007 -4.171909e+005 2.085372e+007 -3.218265e+005 401567
2.085352e+007 -4.182046e+005 2.085353e+007 -3.226164e+005 401568
2.085333e+007 -4.192182e+005 2.085333e+007 -3.234062e+005 401569
2.085314e+007 -4.202313e+005 2.085314e+007 -3.241957e+005 401570
2.085294e+007 -4.212440e+005 2.085295e+007 -3.249847e+005 401571
2.085256e+007 -4.232682e+005 2.085256e+007 -3.265621e+005 401573
2.085237e+007 -4.242800e+005 2.085237e+007 -3.273505e+005 401574
2.085217e+007 -4.252917e+005 2.085218e+007 -3.281388e+005 401575
2.085198e+007 -4.263029e+005 2.085198e+007 -3.289268e+005 401576
2.085179e+007 -4.273137e+005 2.085179e+007 -3.297144e+005 401577
2.085160e+007 -4.283250e+005 2.085160e+007 -3.305024e+005 401578
2.085140e+007 -4.293358e+005 2.085141e+007 -3.312900e+005 401579
2.085121e+007 -4.303459e+005 2.085122e+007 -3.320771e+005 401580
2.085102e+007 -4.313561e+005 2.085102e+007 -3.328643e+005 401581
2.085083e+007 -4.323658e+005 2.085083e+007 -3.336511e+005 401582
2.085064e+007 -4.333748e+005 2.085064e+007 -3.344373e+005 401583
2.085044e+007 -4.343833e+005 2.085045e+007 -3.352231e+005 401584
2.085025e+007 -4.353917e+005 2.085026e+007 -3.360090e+005 401585
2.085006e+007 -4.364001e+005 2.085006e+007 -3.367947e+005 401586
2.084968e+007 -4.384166e+005 2.084968e+007 -3.383660e+005 401588
2.084948e+007 -4.394246e+005 2.084949e+007 -3.391515e+005 401589
2.084929e+007 -4.404325e+005 2.084930e+007 -3.399368e+005 401590
2.084910e+007 -4.414400e+005 2.084910e+007 -3.407219e+005 401591
2.084891e+007 -4.424475e+005 2.084891e+007 -3.415070e+005 401592
2.084853e+007 -4.444619e+005 2.084853e+007 -3.430766e+005 401594
2.084833e+007 -4.454685e+005 2.084834e+007 -3.438610e+005 401595
2.084795e+007 -4.474813e+005 2.084795e+007 -3.454294e+005 401597
2.084776e+007 -4.484872e+005 2.084776e+007 -3.462132e+005 401598
2.084757e+007 -4.494929e+005 2.084757e+007 -3.469969e+005 401599
2.084738e+007 -4.504980e+005 2.084738e+007 -3.477801e+005 401600
2.084719e+007 -4.515025e+005 2.084719e+007 -3.485628e+005 401601
2.084699e+007 -4.525067e+005 2.084700e+007 -3.493452e+005 401602
2.084680e+007 -4.535109e+005 2.084681e+007 -3.501278e+005 401603
2.084661e+007 -4.545152e+005 2.084662e+007 -3.509104e+005 401604
2.084623e+007 -4.565233e+005 2.084623e+007 -3.524751e+005 401606
2.084604e+007 -4.575267e+005 2.084604e+007 -3.532570e+005 401607
2.084585e+007 -4.585296e+005 2.084585e+007 -3.540385e+005 401608
2.084566e+007 -4.595323e+005 2.084566e+007 -3.548198e+005 401609
2.084547e+007 -4.605352e+005 2.084547e+007 -3.556012e+005 401610
2.084528e+007 -4.615380e+005 2.084528e+007 -3.563827e+005 401611
2.084509e+007 -4.625404e+005 2.084509e+007 -3.571638e+005 401612
2.084489e+007 -4.635425e+005 2.084490e+007 -3.579446e+005 401613
2.084470e+007 -4.645444e+005 2.084471e+007 -3.587253e+005 401614
2.084451e+007 -4.655457e+005 2.084452e+007 -3.595055e+005 401615
2.084432e+007 -4.665467e+005 2.084433e+007 -3.602856e+005 401616
2.084413e+007 -4.675478e+005 2.084414e+007 -3.610656e+005 401617
2.084394e+007 -4.685485e+005 2.084395e+007 -3.618454e+005 401618
2.084356e+007 -4.705484e+005 2.084356e+007 -3.634038e+005 401620
2.084337e+007 -4.715482e+005 2.084337e+007 -3.641828e+005 401621
2.084318e+007 -4.725481e+005 2.084318e+007 -3.649620e+005 401622
2.084299e+007 -4.735478e+005 2.084299e+007 -3.657409e+005 401623
2.084280e+007 -4.745471e+005 2.084280e+007 -3.665196e+005 401624
2.084261e+007 -4.755458e+005 2.084261e+007 -3.672978e+005 401625
2.084242e+007 -4.765443e+005 2.084242e+007 -3.680759e+005 401626
2.084223e+007 -4.775423e+005 2.084223e+007 -3.688536e+005 401627
2.084204e+007 -4.785405e+005 2.084204e+007 -3.696313e+005 401628
2.084185e+007 -4.795385e+005 2.084185e+007 -3.704090e+005 401629
2.084166e+007 -4.805360e+005 2.084166e+007 -3.711862e+005 401630
2.084147e+007 -4.815332e+005 2.084147e+007 -3.719633e+005 401631
2.084128e+007 -4.825305e+005 2.084128e+007 -3.727405e+005 401632
2.084109e+007 -4.835275e+005 2.084109e+007 -3.735173e+005 401633
2.084090e+007 -4.845240e+005 2.084091e+007 -3.742938e+005 401634
2.084052e+007 -4.865159e+005 2.084053e+007 -3.758460e+005 401636
2.084033e+007 -4.875116e+005 2.084034e+007 -3.766218e+005 401637
2.084014e+007 -4.885076e+005 2.084015e+007 -3.773979e+005 401638
2.083995e+007 -4.895032e+005 2.083996e+007 -3.781737e+005 401639
2.083976e+007 -4.904986e+005 2.083977e+007 -3.789493e+005 401640
2.083958e+007 -4.914936e+005 2.083958e+007 -3.797247e+005 401641
2.083939e+007 -4.924883e+005 2.083939e+007 -3.804997e+005 401642
2.083901e+007 -4.944756e+005 2.083901e+007 -3.820483e+005 401644
2.083882e+007 -4.954689e+005 2.083882e+007 -3.828223e+005 401645
2.083863e+007 -4.964625e+005 2.083863e+007 -3.835965e+005 401646
2.083844e+007 -4.974558e+005 2.083844e+007 -3.843705e+005 401647
2.083825e+007 -4.984488e+005 2.083826e+007 -3.851443e+005 401648
2.083806e+007 -4.994417e+005 2.083807e+007 -3.859180e+005 401649
2.083787e+007 -5.004341e+005 2.083788e+007 -3.866913e+005 401650
2.083769e+007 -5.014261e+005 2.083769e+007 -3.874642e+005 401651
2.083750e+007 -5.024179e+005 2.083750e+007 -3.882371e+005 401652
2.083731e+007 -5.034099e+005 2.083731e+007 -3.890101e+005 401653
2.083693e+007 -5.053924e+005 2.083693e+007 -3.905549e+005 401655
2.083655e+007 -5.073741e+005 2.083656e+007 -3.920991e+005 401657
2.083637e+007 -5.083645e+005 2.083637e+007 -3.928708e+005 401658
2.083618e+007 -5.093547e+005 2.083618e+007 -3.936424e+005 401659
2.083599e+007 -5.103450e+005 2.083599e+007 -3.944141e+005 401660
2.083580e+007 -5.113349e+005 2.083580e+007 -3.951854e+005 401661
2.083561e+007 -5.123242e+005 2.083561e+007 -3.959562e+005 401662
2.083524e+007 -5.143019e+005 2.083524e+007 -3.974973e+005 401664
2.083505e+007 -5.152899e+005 2.083505e+007 -3.982672e+005 401665
2.083486e+007 -5.162779e+005 2.083486e+007 -3.990371e+005 401666
2.083467e+007 -5.172658e+005 2.083467e+007 -3.998069e+005 401667
2.083448e+007 -5.182535e+005 2.083449e+007 -4.005765e+005 401668
2.083430e+007 -5.192412e+005 2.083430e+007 -4.013461e+005 401669
2.083411e+007 -5.202291e+005 2.083411e+007 -4.021159e+005 401670
2.083392e+007 -5.212167e+005 2.083392e+007 -4.028855e+005 401671
2.083373e+007 -5.222037e+005 2.083373e+007 -4.036546e+005 401672
2.083354e+007 -5.231902e+005 2.083355e+007 -4.044233e+005 401673
2.083336e+007 -5.241766e+005 2.083336e+007 -4.051919e+005 401674
2.083317e+007 -5.251630e+005 2.083317e+007 -4.059605e+005 401675
2.083298e+007 -5.261492e+005 2.083298e+007 -4.067290e+005 401676
2.083279e+007 -5.271352e+005 2.083280e+007 -4.074973e+005 401677
2.083261e+007 -5.281208e+005 2.083261e+007 -4.082653e+005 401678
2.083242e+007 -5.291062e+005 2.083242e+007 -4.090331e+005 401679
2.083223e+007 -5.300911e+005 2.083223e+007 -4.098006e+005 401680
2.083204e+007 -5.310758e+005 2.083205e+007 -4.105679e+005 401681
2.083186e+007 -5.320603e+005 2.083186e+007 -4.113351e+005 401682
2.083167e+007 -5.330443e+005 2.083167e+007 -4.121018e+005 401683
2.083148e+007 -5.340276e+005 2.083148e+007 -4.128680e+005 401684
2.083129e+007 -5.350111e+005 2.083130e+007 -4.136344e+005 401685
2.083111e+007 -5.359946e+005 2.083111e+007 -4.144008e+005 401686
2.083092e+007 -5.369772e+005 2.083092e+007 -4.151664e+005 401687
2.083073e+007 -5.379597e+005 2.083074e+007 -4.159320e+005 401688
2.083055e+007 -5.389421e+005 2.083055e+007 -4.166975e+005 401689
2.083036e+007 -5.399239e+005 2.083036e+007 -4.174625e+005 401690
2.083017e+007 -5.409054e+005 2.083018e+007 -4.182273e+005 401691
2.082999e+007 -5.418870e+005 2.082999e+007 -4.189922e+005 401692
2.082980e+007 -5.428684e+005 2.082980e+007 -4.197569e+005 401693
2.082961e+007 -5.438495e+005 2.082962e+007 -4.205214e+005 401694
2.082943e+007 -5.448305e+005 2.082943e+007 -4.212859e+005 401695
2.082924e+007 -5.458116e+005 2.082924e+007 -4.220504e+005 401696
2.082905e+007 -5.467928e+005 2.082906e+007 -4.228149e+005 401697
2.082887e+007 -5.477731e+005 2.082887e+007 -4.235788e+005 401698
2.082868e+007 -5.487528e+005 2.082868e+007 -4.243422e+005 401699
2.082849e+007 -5.497322e+005 2.082850e+007 -4.251053e+005 401700
2.082831e+007 -5.507114e+005 2.082831e+007 -4.258684e+005 401701
2.082812e+007 -5.516905e+005 2.082812e+007 -4.266313e+005 401702
2.082793e+007 -5.526696e+005 2.082794e+007 -4.273942e+005 401703
2.082775e+007 -5.536487e+005 2.082775e+007 -4.281571e+005 401704
2.082756e+007 -5.546273e+005 2.082756e+007 -4.289197e+005 401705
2.082719e+007 -5.565837e+005 2.082719e+007 -4.304441e+005 401707
2.082700e+007 -5.575613e+005 2.082701e+007 -4.312060e+005 401708
2.082682e+007 -5.585388e+005 2.082682e+007 -4.319676e+005 401709
2.082663e+007 -5.595162e+005 2.082663e+007 -4.327293e+005 401710
2.082645e+007 -5.604935e+005 2.082645e+007 -4.334908e+005 401711
2.082626e+007 -5.614705e+005 2.082626e+007 -4.342520e+005 401712
2.082607e+007 -5.624466e+005 2.082608e+007 -4.350127e+005 401713
2.082589e+007 -5.634227e+005 2.082589e+007 -4.357732e+005 401714
2.082570e+007 -5.643985e+005 2.082571e+007 -4.365336e+005 401715
2.082552e+007 -5.653742e+005 2.082552e+007 -4.372939e+005 401716
2.082533e+007 -5.663501e+005 2.082533e+007 -4.380543e+005 401717
2.082515e+007 -5.673254e+005 2.082515e+007 -4.388143e+005 401718
2.082496e+007 -5.683002e+005 2.082496e+007 -4.395739e+005 401719
2.082477e+007 -5.692748e+005 2.082478e+007 -4.403334e+005 401720
2.082440e+007 -5.712227e+005 2.082441e+007 -4.418512e+005 401722
2.082422e+007 -5.721965e+005 2.082422e+007 -4.426100e+005 401723
2.082403e+007 -5.731705e+005 2.082404e+007 -4.433690e+005 401724
2.082385e+007 -5.741440e+005 2.082385e+007 -4.441275e+005 401725
2.082366e+007 -5.751173e+005 2.082367e+007 -4.448859e+005 401726
2.082329e+007 -5.770630e+005 2.082330e+007 -4.464021e+005 401728
2.082311e+007 -5.780355e+005 2.082311e+007 -4.471598e+005 401729
2.082274e+007 -5.799789e+005 2.082274e+007 -4.486742e+005 401731
2.082255e+007 -5.809503e+005 2.082256e+007 -4.494311e+005 401732
2.082237e+007 -5.819217e+005 2.082237e+007 -4.501880e+005 401733
2.082218e+007 -5.828929e+005 2.082219e+007 -4.509448e+005 401734
2.082200e+007 -5.838638e+005 2.082200e+007 -4.517014e+005 401735
2.082181e+007 -5.848341e+005 2.082182e+007 -4.524575e+005 401736
2.082163e+007 -5.858040e+005 2.082163e+007 -4.532132e+005 401737
2.082144e+007 -5.867739e+005 2.082145e+007 -4.539690e+005 401738
2.082126e+007 -5.877436e+005 2.082126e+007 -4.547246e+005 401739
2.082108e+007 -5.887129e+005 2.082108e+007 -4.554799e+005 401740
2.082089e+007 -5.896820e+005 2.082089e+007 -4.562351e+005 401741
2.082071e+007 -5.906514e+005 2.082071e+007 -4.569904e+005 401742
2.082052e+007 -5.916202e+005 2.082053e+007 -4.577453e+005 401743
2.082034e+007 -5.925889e+005 2.082034e+007 -4.585002e+005 401744
2.082015e+007 -5.935575e+005 2.082016e+007 -4.592549e+005 401745
2.081997e+007 -5.945255e+005 2.081997e+007 -4.600092e+005 401746
2.081979e+007 -5.954931e+005 2.081979e+007 -4.607632e+005 401747
2.081960e+007 -5.964606e+005 2.081960e+007 -4.615170e+005 401748
2.081942e+007 -5.974278e+005 2.081942e+007 -4.622708e+005 401749
2.081923e+007 -5.983950e+005 2.081924e+007 -4.630244e+005 401750
2.081905e+007 -5.993620e+005 2.081905e+007 -4.637779e+005 401751
2.081868e+007 -6.012953e+005 2.081868e+007 -4.652843e+005 401753
2.081850e+007 -6.022617e+005 2.081850e+007 -4.660374e+005 401754
2.081831e+007 -6.032279e+005 2.081832e+007 -4.667902e+005 401755
2.081813e+007 -6.041933e+005 2.081813e+007 -4.675425e+005 401756
2.081795e+007 -6.051580e+005 2.081795e+007 -4.682942e+005 401757
2.081776e+007 -6.061223e+005 2.081777e+007 -4.690456e+005 401758
2.081758e+007 -6.070865e+005 2.081758e+007 -4.697969e+005 401759
2.081740e+007 -6.080507e+005 2.081740e+007 -4.705483e+005 401760
2.081721e+007 -6.090147e+005 2.081722e+007 -4.712995e+005 401761
2.081703e+007 -6.099785e+005 2.081703e+007 -4.720504e+005 401762
2.081685e+007 -6.109425e+005 2.081685e+007 -4.728016e+005 401763
2.081648e+007 -6.128690e+005 2.081648e+007 -4.743028e+005 401765
2.081630e+007 -6.138315e+005 2.081630e+007 -4.750528e+005 401766
2.081611e+007 -6.147940e+005 2.081612e+007 -4.758028e+005 401767
2.081593e+007 -6.157566e+005 2.081593e+007 -4.765529e+005 401768
2.081575e+007 -6.167190e+005 2.081575e+007 -4.773028e+005 401769
2.081556e+007 -6.176811e+005 2.081557e+007 -4.780525e+005 401770
2.081538e+007 -6.186431e+005 2.081538e+007 -4.788021e+005 401771
2.081520e+007 -6.196048e+005 2.081520e+007 -4.795514e+005 401772
2.081501e+007 -6.205661e+005 2.081502e+007 -4.803006e+005 401773
2.081483e+007 -6.215273e+005 2.081483e+007 -4.810495e+005 401774
2.081465e+007 -6.224886e+005 2.081465e+007 -4.817986e+005 401775
2.081447e+007 -6.234489e+005 2.081447e+007 -4.825469e+005 401776
2.081428e+007 -6.244087e+005 2.081429e+007 -4.832948e+005 401777
2.081410e+007 -6.253688e+005 2.081410e+007 -4.840429e+005 401778
2.081392e+007 -6.263286e+005 2.081392e+007 -4.847908e+005 401779
2.081373e+007 -6.272875e+005 2.081374e+007 -4.855380e+005 401780
2.081355e+007 -6.282462e+005 2.081356e+007 -4.862850e+005 401781
2.081319e+007 -6.301634e+005 2.081319e+007 -4.877789e+005 401783
2.081301e+007 -6.311210e+005 2.081301e+007 -4.885251e+005 401784
2.081282e+007 -6.320778e+005 2.081283e+007 -4.892707e+005 401785
2.081264e+007 -6.330347e+005 2.081264e+007 -4.900164e+005 401786
2.081246e+007 -6.339919e+005 2.081246e+007 -4.907622e+005 401787
2.081228e+007 -6.349491e+005 2.081228e+007 -4.915080e+005 401788
2.081209e+007 -6.359060e+005 2.081210e+007 -4.922537e+005 401789
2.081191e+007 -6.368628e+005 2.081192e+007 -4.929993e+005 401790
2.081173e+007 -6.378194e+005 2.081173e+007 -4.937447e+005 401791
2.081155e+007 -6.387760e+005 2.081155e+007 -4.944900e+005 401792
2.081137e+007 -6.397325e+005 2.081137e+007 -4.952354e+005 401793
2.081118e+007 -6.406885e+005 2.081119e+007 -4.959803e+005 401794
2.081100e+007 -6.416440e+005 2.081101e+007 -4.967249e+005 401795
2.081082e+007 -6.425994e+005 2.081082e+007 -4.974694e+005 401796
2.081064e+007 -6.435544e+005 2.081064e+007 -4.982135e+005 401797
2.081046e+007 -6.445087e+005 2.081046e+007 -4.989571e+005 401798
2.081028e+007 -6.454633e+005 2.081028e+007 -4.997009e+005 401799
2.081009e+007 -6.464177e+005 2.081010e+007 -5.004446e+005 401800
2.080991e+007 -6.473719e+005 2.080992e+007 -5.011882e+005 401801
2.080973e+007 -6.483259e+005 2.080973e+007 -5.019315e+005 401802
2.080955e+007 -6.492795e+005 2.080955e+007 -5.026746e+005 401803
2.080937e+007 -6.502330e+005 2.080937e+007 -5.034176e+005 401804
2.080919e+007 -6.511864e+005 2.080919e+007 -5.041605e+005 401805
2.080901e+007 -6.521390e+005 2.080901e+007 -5.049028e+005 401806
2.080882e+007 -6.530912e+005 2.080883e+007 -5.056447e+005 401807
2.080864e+007 -6.540431e+005 2.080865e+007 -5.063865e+005 401808
2.080846e+007 -6.549950e+005 2.080847e+007 -5.071282e+005 401809
2.080828e+007 -6.559465e+005 2.080828e+007 -5.078697e+005 401810
2.080810e+007 -6.568982e+005 2.080810e+007 -5.086112e+005 401811
2.080792e+007 -6.578493e+005 2.080792e+007 -5.093523e+005 401812
2.080774e+007 -6.587999e+005 2.080774e+007 -5.100931e+005 401813
2.080756e+007 -6.597504e+005 2.080756e+007 -5.108338e+005 401814
2.080738e+007 -6.607010e+005 2.080738e+007 -5.115745e+005 401815
2.080720e+007 -6.616513e+005 2.080720e+007 -5.123150e+005 401816
2.080702e+007 -6.626015e+005 2.080702e+007 -5.130554e+005 401817
2.080683e+007 -6.635514e+005 2.080684e+007 -5.137955e+005 401818
2.080665e+007 -6.645008e+005 2.080666e+007 -5.145354e+005 401819
2.080647e+007 -6.654501e+005 2.080648e+007 -5.152751e+005 401820
2.080629e+007 -6.663993e+005 2.080630e+007 -5.160147e+005 401821
2.080611e+007 -6.673477e+005 2.080611e+007 -5.167537e+005 401822
2.080593e+007 -6.682958e+005 2.080593e+007 -5.174925e+005 401823
2.080575e+007 -6.692438e+005 2.080575e+007 -5.182312e+005 401824
2.080557e+007 -6.701914e+005 2.080557e+007 -5.189696e+005 401825
2.080539e+007 -6.711385e+005 2.080539e+007 -5.197075e+005 401826
2.080521e+007 -6.720856e+005 2.080521e+007 -5.204456e+005 401827
2.080503e+007 -6.730331e+005 2.080503e+007 -5.211839e+005 401828
2.080467e+007 -6.749274e+005 2.080467e+007 -5.226600e+005 401830
2.080449e+007 -6.758736e+005 2.080449e+007 -5.233973e+005 401831
2.080431e+007 -6.768202e+005 2.080431e+007 -5.241349e+005 401832
2.080413e+007 -6.777663e+005 2.080413e+007 -5.248721e+005 401833
2.080395e+007 -6.787118e+005 2.080395e+007 -5.256088e+005 401834
2.080377e+007 -6.796571e+005 2.080377e+007 -5.263454e+005 401835
2.080359e+007 -6.806023e+005 2.080359e+007 -5.270819e+005 401836
2.080341e+007 -6.815469e+005 2.080341e+007 -5.278180e+005 401837
2.080305e+007 -6.834361e+005 2.080305e+007 -5.292901e+005 401839
2.080287e+007 -6.843804e+005 2.080287e+007 -5.300259e+005 401840
2.080269e+007 -6.853245e+005 2.080269e+007 -5.307616e+005 401841
2.080251e+007 -6.862685e+005 2.080251e+007 -5.314971e+005 401842
2.080233e+007 -6.872119e+005 2.080233e+007 -5.322323e+005 401843
2.080215e+007 -6.881551e+005 2.080215e+007 -5.329673e+005 401844
2.080197e+007 -6.890982e+005 2.080198e+007 -5.337021e+005 401845
2.080179e+007 -6.900410e+005 2.080180e+007 -5.344367e+005 401846
2.080161e+007 -6.909833e+005 2.080162e+007 -5.351710e+005 401847
2.080144e+007 -6.919250e+005 2.080144e+007 -5.359048e+005 401848
2.080126e+007 -6.928669e+005 2.080126e+007 -5.366388e+005 401849
2.080090e+007 -6.947492e+005 2.080090e+007 -5.381055e+005 401851
2.080072e+007 -6.956904e+005 2.080072e+007 -5.388389e+005 401852
2.080054e+007 -6.966315e+005 2.080054e+007 -5.395722e+005 401853
2.080036e+007 -6.975719e+005 2.080036e+007 -5.403050e+005 401854
2.080018e+007 -6.985119e+005 2.080018e+007 -5.410374e+005 401855
2.080000e+007 -6.994515e+005 2.080001e+007 -5.417696e+005 401856
2.079982e+007 -7.003912e+005 2.079983e+007 -5.425018e+005 401857
2.079965e+007 -7.013304e+005 2.079965e+007 -5.432337e+005 401858
2.079947e+007 -7.022693e+005 2.079947e+007 -5.439653e+005 401859
2.079929e+007 -7.032084e+005 2.079929e+007 -5.446971e+005 401860
2.079911e+007 -7.041475e+005 2.079911e+007 -5.454288e+005 401861
2.079893e+007 -7.050862e+005 2.079893e+007 -5.461603e+005 401862
2.079875e+007 -7.060246e+005 2.079875e+007 -5.468915e+005 401863
2.079857e+007 -7.069627e+005 2.079858e+007 -5.476225e+005 401864
2.079840e+007 -7.079003e+005 2.079840e+007 -5.483531e+005 401865
2.079822e+007 -7.088377e+005 2.079822e+007 -5.490835e+005 401866
2.079804e+007 -7.097751e+005 2.079804e+007 -5.498139e+005 401867
2.079786e+007 -7.107119e+005 2.079786e+007 -5.505440e+005 401868
2.079768e+007 -7.116486e+005 2.079768e+007 -5.512739e+005 401869
2.079750e+007 -7.125848e+005 2.079751e+007 -5.520033e+005 401870
2.079733e+007 -7.135206e+005 2.079733e+007 -5.527325e+005 401871
2.079715e+007 -7.144563e+005 2.079715e+007 -5.534617e+005 401872
2.079679e+007 -7.163270e+005 2.079679e+007 -5.549193e+005 401874
2.079661e+007 -7.172622e+005 2.079662e+007 -5.556481e+005 401875
2.079644e+007 -7.181972e+005 2.079644e+007 -5.563767e+005 401876
2.079626e+007 -7.191320e+005 2.079626e+007 -5.571051e+005 401877
2.079590e+007 -7.210015e+005 2.079590e+007 -5.585618e+005 401879
2.079572e+007 -7.219354e+005 2.079573e+007 -5.592895e+005 401880
2.079555e+007 -7.228692e+005 2.079555e+007 -5.600172e+005 401881
2.079519e+007 -7.247356e+005 2.079519e+007 -5.614715e+005 401883
2.079501e+007 -7.256685e+005 2.079502e+007 -5.621985e+005 401884
2.079484e+007 -7.266011e+005 2.079484e+007 -5.629251e+005 401885
2.079466e+007 -7.275330e+005 2.079466e+007 -5.636513e+005 401886
2.079448e+007 -7.284649e+005 2.079448e+007 -5.643774e+005 401887
2.079430e+007 -7.293966e+005 2.079431e+007 -5.651034e+005 401888
2.079413e+007 -7.303282e+005 2.079413e+007 -5.658293e+005 401889
2.079395e+007 -7.312594e+005 2.079395e+007 -5.665550e+005 401890
2.079377e+007 -7.321905e+005 2.079378e+007 -5.672805e+005 401891
2.079360e+007 -7.331210e+005 2.079360e+007 -5.680056e+005 401892
2.079342e+007 -7.340515e+005 2.079342e+007 -5.687306e+005 401893
2.079324e+007 -7.349817e+005 2.079324e+007 -5.694555e+005 401894
2.079306e+007 -7.359117e+005 2.079307e+007 -5.701801e+005 401895
2.079289e+007 -7.368413e+005 2.079289e+007 -5.709045e+005 401896
2.079271e+007 -7.377706e+005 2.079271e+007 -5.716287e+005 401897
2.079253e+007 -7.386999e+005 2.079254e+007 -5.723528e+005 401898
2.079236e+007 -7.396292e+005 2.079236e+007 -5.730769e+005 401899
2.079218e+007 -7.405581e+005 2.079218e+007 -5.738007e+005 401900
2.079200e+007 -7.414866e+005 2.079201e+007 -5.745242e+005 401901
2.079183e+007 -7.424148e+005 2.079183e+007 -5.752475e+005 401902
2.079165e+007 -7.433425e+005 2.079165e+007 -5.759704e+005 401903
2.079147e+007 -7.442707e+005 2.079148e+007 -5.766936e+005 401904
2.079130e+007 -7.451987e+005 2.079130e+007 -5.774167e+005 401905
2.079112e+007 -7.461266e+005 2.079112e+007 -5.781398e+005 401906
2.079094e+007 -7.470540e+005 2.079095e+007 -5.788624e+005 401907
2.079059e+007 -7.489068e+005 2.079059e+007 -5.803062e+005 401909
2.079042e+007 -7.498330e+005 2.079042e+007 -5.810279e+005 401910
2.079024e+007 -7.507588e+005 2.079024e+007 -5.817493e+005 401911
2.079006e+007 -7.516844e+005 2.079007e+007 -5.824706e+005 401912
2.078989e+007 -7.526096e+005 2.078989e+007 -5.831915e+005 401913
2.078971e+007 -7.535346e+005 2.078971e+007 -5.839123e+005 401914
2.078953e+007 -7.544595e+005 2.078954e+007 -5.846329e+005 401915
2.078936e+007 -7.553844e+005 2.078936e+007 -5.853536e+005 401916
2.078918e+007 -7.563087e+005 2.078919e+007 -5.860739e+005 401917
2.078901e+007 -7.572328e+005 2.078901e+007 -5.867940e+005 401918
2.078883e+007 -7.581566e+005 2.078883e+007 -5.875138e+005 401919
2.078866e+007 -7.590801e+005 2.078866e+007 -5.882334e+005 401920
2.078848e+007 -7.600034e+005 2.078848e+007 -5.889529e+005 401921
2.078830e+007 -7.609269e+005 2.078831e+007 -5.896725e+005 401922
2.078813e+007 -7.618498e+005 2.078813e+007 -5.903916e+005 401923
2.078795e+007 -7.627725e+005 2.078796e+007 -5.911106e+005 401924
2.078778e+007 -7.636947e+005 2.078778e+007 -5.918293e+005 401925
2.078760e+007 -7.646169e+005 2.078760e+007 -5.925478e+005 401926
2.078743e+007 -7.655383e+005 2.078743e+007 -5.932658e+005 401927
2.078725e+007 -7.664593e+005 2.078725e+007 -5.939834e+005 401928
2.078708e+007 -7.673801e+005 2.078708e+007 -5.947010e+005 401929
2.078690e+007 -7.683012e+005 2.078690e+007 -5.954187e+005 401930
2.078673e+007 -7.692219e+005 2.078673e+007 -5.961362e+005 401931
2.078638e+007 -7.710632e+005 2.078638e+007 -5.975709e+005 401933
2.078620e+007 -7.719837e+005 2.078620e+007 -5.982882e+005 401934
2.078603e+007 -7.729033e+005 2.078603e+007 -5.990047e+005 401935
2.078585e+007 -7.738225e+005 2.078585e+007 -5.997210e+005 401936
2.078568e+007 -7.747415e+005 2.078568e+007 -6.004371e+005 401937
2.078550e+007 -7.756607e+005 2.078550e+007 -6.011533e+005 401938
2.078533e+007 -7.765796e+005 2.078533e+007 -6.018694e+005 401939
2.078515e+007 -7.774988e+005 2.078515e+007 -6.025856e+005 401940
2.078498e+007 -7.784176e+005 2.078498e+007 -6.033016e+005 401941
2.078480e+007 -7.793359e+005 2.078480e+007 -6.040172e+005 401942
2.078463e+007 -7.802539e+005 2.078463e+007 -6.047325e+005 401943
2.078445e+007 -7.811720e+005 2.078445e+007 -6.054478e+005 401944
2.078428e+007 -7.820897e+005 2.078428e+007 -6.061630e+005 401945
2.078410e+007 -7.830070e+005 2.078411e+007 -6.068778e+005 401946
2.078393e+007 -7.839242e+005 2.078393e+007 -6.075924e+005 401947
2.078375e+007 -7.848408e+005 2.078376e+007 -6.083067e+005 401948
2.078358e+007 -7.857565e+005 2.078358e+007 -6.090202e+005 401949
2.078340e+007 -7.866721e+005 2.078341e+007 -6.097337e+005 401950
2.078323e+007 -7.875878e+005 2.078323e+007 -6.104472e+005 401951
2.078306e+007 -7.885028e+005 2.078306e+007 -6.111602e+005 401952
2.078288e+007 -7.894176e+005 2.078289e+007 -6.118730e+005 401953
2.078271e+007 -7.903320e+005 2.078271e+007 -6.125855e+005 401954
2.078253e+007 -7.912461e+005 2.078254e+007 -6.132978e+005 401955
2.078236e+007 -7.921604e+005 2.078236e+007 -6.140102e+005 401956
2.078219e+007 -7.930747e+005 2.078219e+007 -6.147227e+005 401957
2.078201e+007 -7.939886e+005 2.078202e+007 -6.154348e+005 401958
2.078184e+007 -7.949022e+005 2.078184e+007 -6.161467e+005 401959
2.078166e+007 -7.958152e+005 2.078167e+007 -6.168581e+005 401960
2.078149e+007 -7.967280e+005 2.078149e+007 -6.175694e+005 401961
2.078132e+007 -7.976401e+005 2.078132e+007 -6.182801e+005 401962
2.078114e+007 -7.985521e+005 2.078115e+007 -6.189908e+005 401963
2.078097e+007 -7.994640e+005 2.078097e+007 -6.197013e+005 401964
2.078080e+007 -8.003721e+005 2.078080e+007 -6.204089e+005 401965
2.078063e+007 -8.012753e+005 2.078063e+007 -6.211127e+005 401966
2.078045e+007 -8.021799e+005 2.078046e+007 -6.218176e+005 401967
2.078028e+007 -8.030861e+005 2.078028e+007 -6.225238e+005 401968
2.078011e+007 -8.039932e+005 2.078011e+007 -6.232306e+005 401969
2.077994e+007 -8.049008e+005 2.077994e+007 -6.239378e+005 401970
2.077976e+007 -8.058094e+005 2.077977e+007 -6.246458e+005 401971
2.077959e+007 -8.067181e+005 2.077959e+007 -6.253539e+005 401972
2.077942e+007 -8.076273e+005 2.077942e+007 -6.260624e+005 401973
2.077924e+007 -8.085372e+005 2.077925e+007 -6.267714e+005 401974
2.077907e+007 -8.094475e+005 2.077907e+007 -6.274807e+005 401975
2.077872e+007 -8.112681e+005 2.077873e+007 -6.288994e+005 401977
2.077855e+007 -8.121782e+005 2.077855e+007 -6.296085e+005 401978
2.077838e+007 -8.130877e+005 2.077838e+007 -6.303172e+005 401979
2.077821e+007 -8.139968e+005 2.077821e+007 -6.310256e+005 401980
2.077803e+007 -8.149053e+005 2.077804e+007 -6.317335e+005 401981
2.077786e+007 -8.158138e+005 2.077786e+007 -6.324414e+005 401982
2.077769e+007 -8.167220e+005 2.077769e+007 -6.331491e+005 401983
2.077751e+007 -8.176294e+005 2.077752e+007 -6.338562e+005 401984
2.077734e+007 -8.185366e+005 2.077734e+007 -6.345631e+005 401985
2.077717e+007 -8.194438e+005 2.077717e+007 -6.352700e+005 401986
2.077700e+007 -8.203502e+005 2.077700e+007 -6.359763e+005 401987
2.077682e+007 -8.212564e+005 2.077683e+007 -6.366824e+005 401988
2.077665e+007 -8.221626e+005 2.077665e+007 -6.373886e+005 401989
2.077648e+007 -8.230683e+005 2.077648e+007 -6.380942e+005 401990
2.077631e+007 -8.239738e+005 2.077631e+007 -6.387999e+005 401991
2.077613e+007 -8.248786e+005 2.077614e+007 -6.395049e+005 401992
2.077596e+007 -8.257836e+005 2.077597e+007 -6.402101e+005 401993
2.077579e+007 -8.266881e+005 2.077579e+007 -6.409149e+005 401994
2.077562e+007 -8.275920e+005 2.077562e+007 -6.416193e+005 401995
2.077545e+007 -8.284960e+005 2.077545e+007 -6.423236e+005 401996
2.077527e+007 -8.293998e+005 2.077528e+007 -6.430279e+005 401997
2.077510e+007 -8.303037e+005 2.077511e+007 -6.437323e+005 401998
2.077493e+007 -8.312074e+005 2.077493e+007 -6.444365e+005 401999
2.077476e+007 -8.321113e+005 2.077476e+007 -6.451407e+005 402000
2.077459e+007 -8.330144e+005 2.077459e+007 -6.458445e+005 402001
2.077441e+007 -8.339171e+005 2.077442e+007 -6.465479e+005 402002
2.077424e+007 -8.348198e+005 2.077425e+007 -6.472512e+005 402003
2.077407e+007 -8.357224e+005 2.077407e+007 -6.479546e+005 402004
2.077390e+007 -8.366245e+005 2.077390e+007 -6.486576e+005 402005
2.077373e+007 -8.375263e+005 2.077373e+007 -6.493602e+005 402006
2.077356e+007 -8.384283e+005 2.077356e+007 -6.500631e+005 402007
2.077338e+007 -8.393298e+005 2.077339e+007 -6.507656e+005 402008
2.077321e+007 -8.402310e+005 2.077322e+007 -6.514678e+005 402009
2.077304e+007 -8.411316e+005 2.077305e+007 -6.521696e+005 402010
2.077287e+007 -8.420322e+005 2.077287e+007 -6.528713e+005 402011
2.077270e+007 -8.429321e+005 2.077270e+007 -6.535725e+005 402012
2.077253e+007 -8.438316e+005 2.077253e+007 -6.542735e+005 402013
2.077236e+007 -8.447311e+005 2.077236e+007 -6.549743e+005 402014
2.077219e+007 -8.456299e+005 2.077219e+007 -6.556747e+005 402015
2.077201e+007 -8.465286e+005 2.077202e+007 -6.563750e+005 402016
2.077184e+007 -8.474272e+005 2.077185e+007 -6.570752e+005 402017
2.077167e+007 -8.483260e+005 2.077168e+007 -6.577756e+005 402018
2.077150e+007 -8.492247e+005 2.077151e+007 -6.584759e+005 402019
2.077133e+007 -8.501231e+005 2.077133e+007 -6.591759e+005 402020
2.077116e+007 -8.510211e+005 2.077116e+007 -6.598757e+005 402021
2.077099e+007 -8.519189e+005 2.077099e+007 -6.605752e+005 402022
2.077082e+007 -8.528162e+005 2.077082e+007 -6.612744e+005 402023
2.077065e+007 -8.537133e+005 2.077065e+007 -6.619735e+005 402024
2.077048e+007 -8.546101e+005 2.077048e+007 -6.626723e+005 402025
2.077031e+007 -8.555066e+005 2.077031e+007 -6.633708e+005 402026
2.077014e+007 -8.564029e+005 2.077014e+007 -6.640692e+005 402027
2.076997e+007 -8.572990e+005 2.076997e+007 -6.647675e+005 402028
2.076979e+007 -8.581947e+005 2.076980e+007 -6.654654e+005 402029
2.076962e+007 -8.590898e+005 2.076963e+007 -6.661630e+005 402030
2.076945e+007 -8.599848e+005 2.076946e+007 -6.668603e+005 402031
2.076928e+007 -8.608797e+005 2.076929e+007 -6.675576e+005 402032
2.076911e+007 -8.617744e+005 2.076912e+007 -6.682548e+005 402033
2.076894e+007 -8.626687e+005 2.076895e+007 -6.689516e+005 402034
2.076877e+007 -8.635629e+005 2.076878e+007 -6.696485e+005 402035
2.076860e+007 -8.644574e+005 2.076861e+007 -6.703454e+005 402036
2.076843e+007 -8.653512e+005 2.076844e+007 -6.710420e+005 402037
2.076826e+007 -8.662447e+005 2.076827e+007 -6.717382e+005 402038
2.076809e+007 -8.671381e+005 2.076810e+007 -6.724343e+005 402039
2.076792e+007 -8.680312e+005 2.076793e+007 -6.731302e+005 402040
2.076775e+007 -8.689238e+005 2.076776e+007 -6.738258e+005 402041
2.076758e+007 -8.698163e+005 2.076759e+007 -6.745213e+005 402042
2.076741e+007 -8.707088e+005 2.076742e+007 -6.752167e+005 402043
2.076724e+007 -8.716009e+005 2.076725e+007 -6.759118e+005 402044
2.076707e+007 -8.724928e+005 2.076708e+007 -6.766068e+005 402045
2.076690e+007 -8.733846e+005 2.076691e+007 -6.773017e+005 402046
2.076673e+007 -8.742761e+005 2.076674e+007 -6.779964e+005 402047
2.076656e+007 -8.751671e+005 2.076657e+007 -6.786907e+005 402048
2.076640e+007 -8.760578e+005 2.076640e+007 -6.793848e+005 402049
2.076623e+007 -8.769483e+005 2.076623e+007 -6.800786e+005 402050
2.076606e+007 -8.778386e+005 2.076606e+007 -6.807724e+005 402051
2.076589e+007 -8.787286e+005 2.076589e+007 -6.814659e+005 402052
2.076572e+007 -8.796183e+005 2.076572e+007 -6.821592e+005 402053
2.076555e+007 -8.805075e+005 2.076555e+007 -6.828520e+005 402054
2.076538e+007 -8.813963e+005 2.076538e+007 -6.835446e+005 402055
2.076521e+007 -8.822853e+005 2.076521e+007 -6.842373e+005 402056
2.076504e+007 -8.831741e+005 2.076504e+007 -6.849299e+005 402057
2.076487e+007 -8.840626e+005 2.076488e+007 -6.856222e+005 402058
2.076470e+007 -8.849508e+005 2.076471e+007 -6.863143e+005 402059
2.076453e+007 -8.858391e+005 2.076454e+007 -6.870065e+005 402060
2.076437e+007 -8.867268e+005 2.076437e+007 -6.876982e+005 402061
2.076420e+007 -8.876141e+005 2.076420e+007 -6.883897e+005 402062
2.076403e+007 -8.885014e+005 2.076403e+007 -6.890811e+005 402063
2.076386e+007 -8.893885e+005 2.076386e+007 -6.897723e+005 402064
2.076369e+007 -8.902749e+005 2.076369e+007 -6.904630e+005 402065
2.076352e+007 -8.911612e+005 2.076352e+007 -6.911536e+005 402066
2.076335e+007 -8.920474e+005 2.076336e+007 -6.918442e+005 402067
2.076318e+007 -8.929332e+005 2.076319e+007 -6.925344e+005 402068
2.076302e+007 -8.938189e+005 2.076302e+007 -6.932245e+005 402069
2.076285e+007 -8.947050e+005 2.076285e+007 -6.939150e+005 402070
2.076268e+007 -8.955904e+005 2.076268e+007 -6.946049e+005 402071
2.076251e+007 -8.964752e+005 2.076251e+007 -6.952944e+005 402072
2.076234e+007 -8.973598e+005 2.076235e+007 -6.959837e+005 402073
2.076217e+007 -8.982440e+005 2.076218e+007 -6.966727e+005 402074
2.076201e+007 -8.991284e+005 2.076201e+007 -6.973618e+005 402075
2.076184e+007 -9.000128e+005 2.076184e+007 -6.980509e+005 402076
2.076167e+007 -9.008969e+005 2.076167e+007 -6.987398e+005 402077
2.076150e+007 -9.017803e+005 2.076150e+007 -6.994282e+005 402078
2.076133e+007 -9.026632e+005 2.076134e+007 -7.001162e+005 402079
2.076116e+007 -9.035458e+005 2.076117e+007 -7.008039e+005 402080
2.076100e+007 -9.044284e+005 2.076100e+007 -7.014917e+005 402081
2.076083e+007 -9.053108e+005 2.076083e+007 -7.021792e+005 402082
2.076066e+007 -9.061928e+005 2.076066e+007 -7.028665e+005 402083
2.076049e+007 -9.070746e+005 2.076050e+007 -7.035536e+005 402084
2.076033e+007 -9.079560e+005 2.076033e+007 -7.042404e+005 402085
2.076016e+007 -9.088372e+005 2.076016e+007 -7.049271e+005 402086
2.075999e+007 -9.097182e+005 2.075999e+007 -7.056136e+005 402087
2.075982e+007 -9.105991e+005 2.075983e+007 -7.063000e+005 402088
2.075965e+007 -9.114798e+005 2.075966e+007 -7.069862e+005 402089
2.075949e+007 -9.123602e+005 2.075949e+007 -7.076723e+005 402090
2.075932e+007 -9.132406e+005 2.075932e+007 -7.083583e+005 402091
2.075915e+007 -9.141209e+005 2.075916e+007 -7.090442e+005 402092
2.075898e+007 -9.150007e+005 2.075899e+007 -7.097298e+005 402093
2.075882e+007 -9.158801e+005 2.075882e+007 -7.104151e+005 402094
2.075865e+007 -9.167593e+005 2.075865e+007 -7.111002e+005 402095
2.075848e+007 -9.176377e+005 2.075849e+007 -7.117846e+005 402096
2.075832e+007 -9.185160e+005 2.075832e+007 -7.124690e+005 402097
2.075815e+007 -9.193944e+005 2.075815e+007 -7.131534e+005 402098
2.075798e+007 -9.202722e+005 2.075799e+007 -7.138374e+005 402099
2.075781e+007 -9.211498e+005 2.075782e+007 -7.145213e+005 402100
2.075765e+007 -9.220274e+005 2.075765e+007 -7.152051e+005 402101
2.075748e+007 -9.229049e+005 2.075748e+007 -7.158889e+005 402102
2.075731e+007 -9.237817e+005 2.075732e+007 -7.165722e+005 402103
2.075715e+007 -9.246580e+005 2.075715e+007 -7.172550e+005 402104
2.075698e+007 -9.255341e+005 2.075698e+007 -7.179376e+005 402105
2.075681e+007 -9.264101e+005 2.075682e+007 -7.186202e+005 402106
2.075665e+007 -9.272858e+005 2.075665e+007 -7.193026e+005 402107
2.075631e+007 -9.290368e+005 2.075632e+007 -7.206670e+005 402109
2.075615e+007 -9.299124e+005 2.075615e+007 -7.213493e+005 402110
2.075598e+007 -9.307875e+005 2.075598e+007 -7.220312e+005 402111
2.075581e+007 -9.316625e+005 2.075582e+007 -7.227130e+005 402112
2.075565e+007 -9.325371e+005 2.075565e+007 -7.233945e+005 402113
2.075548e+007 -9.334114e+005 2.075548e+007 -7.240758e+005 402114
2.075515e+007 -9.351603e+005 2.075515e+007 -7.254386e+005 402116
2.075498e+007 -9.360339e+005 2.075499e+007 -7.261193e+005 402117
2.075482e+007 -9.369072e+005 2.075482e+007 -7.267998e+005 402118
2.075448e+007 -9.386531e+005 2.075449e+007 -7.281602e+005 402120
2.075432e+007 -9.395257e+005 2.075432e+007 -7.288402e+005 402121
2.075415e+007 -9.403976e+005 2.075416e+007 -7.295195e+005 402122
2.075399e+007 -9.412692e+005 2.075399e+007 -7.301987e+005 402123
2.075382e+007 -9.421406e+005 2.075382e+007 -7.308778e+005 402124
2.075365e+007 -9.430117e+005 2.075366e+007 -7.315565e+005 402125
2.075349e+007 -9.438829e+005 2.075349e+007 -7.322354e+005 402126
2.075332e+007 -9.447538e+005 2.075333e+007 -7.329140e+005 402127
2.075316e+007 -9.456245e+005 2.075316e+007 -7.335924e+005 402128
2.075299e+007 -9.464950e+005 2.075300e+007 -7.342708e+005 402129
2.075283e+007 -9.473652e+005 2.075283e+007 -7.349488e+005 402130
2.075266e+007 -9.482350e+005 2.075266e+007 -7.356266e+005 402131
2.075249e+007 -9.491049e+005 2.075250e+007 -7.363044e+005 402132
2.075233e+007 -9.499744e+005 2.075233e+007 -7.369820e+005 402133
2.075216e+007 -9.508435e+005 2.075217e+007 -7.376592e+005 402134
2.075200e+007 -9.517125e+005 2.075200e+007 -7.383364e+005 402135
2.075183e+007 -9.525813e+005 2.075184e+007 -7.390133e+005 402136
2.075167e+007 -9.534496e+005 2.075167e+007 -7.396899e+005 402137
2.075150e+007 -9.543176e+005 2.075151e+007 -7.403663e+005 402138
2.075134e+007 -9.551852e+005 2.075134e+007 -7.410424e+005 402139
2.075117e+007 -9.560526e+005 2.075118e+007 -7.417182e+005 402140
2.075101e+007 -9.569197e+005 2.075101e+007 -7.423939e+005 402141
2.075084e+007 -9.577866e+005 2.075085e+007 -7.430694e+005 402142
2.075068e+007 -9.586532e+005 2.075068e+007 -7.437447e+005 402143
2.075051e+007 -9.595193e+005 2.075052e+007 -7.444196e+005 402144
2.075035e+007 -9.603857e+005 2.075035e+007 -7.450946e+005 402145
2.075018e+007 -9.612521e+005 2.075019e+007 -7.457698e+005 402146
2.075002e+007 -9.621180e+005 2.075002e+007 -7.464445e+005 402147
2.074985e+007 -9.629837e+005 2.074986e+007 -7.471191e+005 402148
2.074969e+007 -9.638492e+005 2.074969e+007 -7.477935e+005 402149
2.074952e+007 -9.647145e+005 2.074953e+007 -7.484678e+005 402150
2.074887e+007 -9.681708e+005 2.074887e+007 -7.511610e+005 402154
2.074837e+007 -9.707603e+005 2.074838e+007 -7.531788e+005 402157
2.074821e+007 -9.716233e+005 2.074821e+007 -7.538512e+005 402158
2.074805e+007 -9.724863e+005 2.074805e+007 -7.545237e+005 402159
2.074788e+007 -9.733491e+005 2.074788e+007 -7.551960e+005 402160
2.074772e+007 -9.742113e+005 2.074772e+007 -7.558679e+005 402161
2.074755e+007 -9.750732e+005 2.074756e+007 -7.565395e+005 402162
2.074739e+007 -9.759350e+005 2.074739e+007 -7.572110e+005 402163
2.074722e+007 -9.767968e+005 2.074723e+007 -7.578826e+005 402164
2.074706e+007 -9.776585e+005 2.074706e+007 -7.585540e+005 402165
2.074690e+007 -9.785199e+005 2.074690e+007 -7.592252e+005 402166
2.074641e+007 -9.811008e+005 2.074641e+007 -7.612363e+005 402169
2.074624e+007 -9.819603e+005 2.074625e+007 -7.619060e+005 402170
2.074575e+007 -9.845375e+005 2.074576e+007 -7.639142e+005 402173
2.074559e+007 -9.853961e+005 2.074559e+007 -7.645833e+005 402174
2.074543e+007 -9.862544e+005 2.074543e+007 -7.652521e+005 402175
2.074526e+007 -9.871129e+005 2.074527e+007 -7.659211e+005 402176
2.074510e+007 -9.879712e+005 2.074510e+007 -7.665899e+005 402177
2.074494e+007 -9.888293e+005 2.074494e+007 -7.672585e+005 402178
2.074477e+007 -9.896873e+005 2.074478e+007 -7.679271e+005 402179
2.074461e+007 -9.905446e+005 2.074461e+007 -7.685951e+005 402180
2.074445e+007 -9.914016e+005 2.074445e+007 -7.692629e+005 402181
2.074428e+007 -9.922583e+005 2.074429e+007 -7.699305e+005 402182
2.074412e+007 -9.931147e+005 2.074412e+007 -7.705978e+005 402183
2.074396e+007 -9.939708e+005 2.074396e+007 -7.712649e+005 402184
2.074379e+007 -9.948271e+005 2.074380e+007 -7.719321e+005 402185
2.074314e+007 -9.982494e+005 2.074315e+007 -7.745988e+005 402189
2.074298e+007 -9.991042e+005 2.074298e+007 -7.752649e+005 402190
2.074282e+007 -9.999583e+005 2.074282e+007 -7.759305e+005 402191
2.074266e+007 -1.000812e+006 2.074266e+007 -7.765958e+005 402192
2.074249e+007 -1.001666e+006 2.074250e+007 -7.772613e+005 402193
2.074233e+007 -1.002520e+006 2.074233e+007 -7.779265e+005 402194
2.074217e+007 -1.003373e+006 2.074217e+007 -7.785915e+005 402195
2.074201e+007 -1.004227e+006 2.074201e+007 -7.792566e+005 402196
2.074184e+007 -1.005080e+006 2.074185e+007 -7.799214e+005 402197
2.074168e+007 -1.005933e+006 2.074168e+007 -7.805859e+005 402198
2.074152e+007 -1.006785e+006 2.074152e+007 -7.812502e+005 402199
2.074136e+007 -1.007637e+006 2.074136e+007 -7.819142e+005 402200
2.074119e+007 -1.008489e+006 2.074120e+007 -7.825781e+005 402201
2.074103e+007 -1.009341e+006 2.074104e+007 -7.832419e+005 402202
2.074038e+007 -1.012746e+006 2.074039e+007 -7.858946e+005 402206
2.074022e+007 -1.013596e+006 2.074023e+007 -7.865570e+005 402207
2.074006e+007 -1.014445e+006 2.074006e+007 -7.872190e+005 402208
2.073990e+007 -1.015295e+006 2.073990e+007 -7.878808e+005 402209
2.073974e+007 -1.016144e+006 2.073974e+007 -7.885424e+005 402210
2.073958e+007 -1.016993e+006 2.073958e+007 -7.892040e+005 402211
2.073941e+007 -1.017841e+006 2.073942e+007 -7.898653e+005 402212
2.073925e+007 -1.018690e+006 2.073926e+007 -7.905266e+005 402213
2.073909e+007 -1.019539e+006 2.073909e+007 -7.911879e+005 402214
2.073893e+007 -1.020387e+006 2.073893e+007 -7.918491e+005 402215
2.073877e+007 -1.021236e+006 2.073877e+007 -7.925101e+005 402216
2.073861e+007 -1.022083e+006 2.073861e+007 -7.931706e+005 402217
2.073845e+007 -1.022931e+006 2.073845e+007 -7.938311e+005 402218
2.073828e+007 -1.023778e+006 2.073829e+007 -7.944913e+005 402219
2.073812e+007 -1.024626e+006 2.073813e+007 -7.951517e+005 402220
2.073764e+007 -1.027166e+006 2.073764e+007 -7.971308e+005 402223
2.073748e+007 -1.028012e+006 2.073748e+007 -7.977903e+005 402224
2.073732e+007 -1.028858e+006 2.073732e+007 -7.984493e+005 402225
2.073700e+007 -1.030548e+006 2.073700e+007 -7.997668e+005 402227
2.073684e+007 -1.031394e+006 2.073684e+007 -8.004255e+005 402228
2.073668e+007 -1.032238e+006 2.073668e+007 -8.010837e+005 402229
2.073651e+007 -1.033083e+006 2.073652e+007 -8.017416e+005 402230
2.073635e+007 -1.033927e+006 2.073636e+007 -8.023996e+005 402231
2.073619e+007 -1.034771e+006 2.073620e+007 -8.030575e+005 402232
2.073603e+007 -1.035615e+006 2.073604e+007 -8.037151e+005 402233
2.073555e+007 -1.038145e+006 2.073555e+007 -8.056861e+005 402236
2.073539e+007 -1.038987e+006 2.073539e+007 -8.063427e+005 402237
2.073507e+007 -1.040672e+006 2.073507e+007 -8.076551e+005 402239
2.073491e+007 -1.041513e+006 2.073491e+007 -8.083109e+005 402240
2.073475e+007 -1.042355e+006 2.073475e+007 -8.089665e+005 402241
2.073443e+007 -1.044037e+006 2.073443e+007 -8.102773e+005 402243
2.073427e+007 -1.044877e+006 2.073427e+007 -8.109323e+005 402244
2.073395e+007 -1.046558e+006 2.073395e+007 -8.122420e+005 402246
2.073379e+007 -1.047398e+006 2.073379e+007 -8.128965e+005 402247
2.073363e+007 -1.048238e+006 2.073363e+007 -8.135512e+005 402248
2.073347e+007 -1.049079e+006 2.073347e+007 -8.142060e+005 402249
2.073331e+007 -1.049918e+006 2.073331e+007 -8.148604e+005 402250
2.073315e+007 -1.050758e+006 2.073315e+007 -8.155145e+005 402251
2.073299e+007 -1.051597e+006 2.073299e+007 -8.161682e+005 402252
2.073283e+007 -1.052435e+006 2.073283e+007 -8.168216e+005 402253
2.073267e+007 -1.053274e+006 2.073267e+007 -8.174747e+005 402254
2.073219e+007 -1.055786e+006 2.073220e+007 -8.194324e+005 402257
2.073188e+007 -1.057460e+006 2.073188e+007 -8.207372e+005 402259
2.073172e+007 -1.058297e+006 2.073172e+007 -8.213892e+005 402260
2.073156e+007 -1.059134e+006 2.073156e+007 -8.220412e+005 402261
2.073140e+007 -1.059970e+006 2.073140e+007 -8.226930e+005 402262
2.073124e+007 -1.060806e+006 2.073124e+007 -8.233445e+005 402263
2.073108e+007 -1.061642e+006 2.073108e+007 -8.239957e+005 402264
2.073092e+007 -1.062478e+006 2.073092e+007 -8.246467e+005 402265
2.073044e+007 -1.064983e+006 2.073045e+007 -8.265990e+005 402268
2.073029e+007 -1.065818e+006 2.073029e+007 -8.272493e+005 402269
2.072981e+007 -1.068320e+006 2.072981e+007 -8.291989e+005 402272
2.072965e+007 -1.069153e+006 2.072965e+007 -8.298486e+005 402273
2.072949e+007 -1.069987e+006 2.072949e+007 -8.304979e+005 402274
2.072933e+007 -1.070820e+006 2.072934e+007 -8.311469e+005 402275
2.072917e+007 -1.071653e+006 2.072918e+007 -8.317961e+005 402276
2.072902e+007 -1.072485e+006 2.072902e+007 -8.324446e+005 402277
2.072886e+007 -1.073317e+006 2.072886e+007 -8.330929e+005 402278
2.072870e+007 -1.074149e+006 2.072870e+007 -8.337411e+005 402279
2.072854e+007 -1.074980e+006 2.072854e+007 -8.343891e+005 402280
2.072838e+007 -1.075812e+006 2.072839e+007 -8.350370e+005 402281
2.072823e+007 -1.076643e+006 2.072823e+007 -8.356846e+005 402282
2.072807e+007 -1.077474e+006 2.072807e+007 -8.363319e+005 402283
2.072759e+007 -1.079965e+006 2.072760e+007 -8.382733e+005 402286
2.072743e+007 -1.080795e+006 2.072744e+007 -8.389202e+005 402287
2.072712e+007 -1.082455e+006 2.072712e+007 -8.402133e+005 402289
2.072696e+007 -1.083284e+006 2.072696e+007 -8.408593e+005 402290
2.072680e+007 -1.084112e+006 2.072681e+007 -8.415050e+005 402291
2.072665e+007 -1.084941e+006 2.072665e+007 -8.421503e+005 402292
2.072649e+007 -1.085769e+006 2.072649e+007 -8.427957e+005 402293
2.072633e+007 -1.086597e+006 2.072633e+007 -8.434411e+005 402294
2.072617e+007 -1.087425e+006 2.072618e+007 -8.440861e+005 402295
2.072602e+007 -1.088252e+006 2.072602e+007 -8.447309e+005 402296
2.072586e+007 -1.089080e+006 2.072586e+007 -8.453754e+005 402297
2.072570e+007 -1.089907e+006 2.072570e+007 -8.460200e+005 402298
2.072523e+007 -1.092387e+006 2.072523e+007 -8.479523e+005 402301
2.072460e+007 -1.095690e+006 2.072460e+007 -8.505267e+005 402305
2.072444e+007 -1.096515e+006 2.072445e+007 -8.511695e+005 402306
2.072429e+007 -1.097340e+006 2.072429e+007 -8.518121e+005 402307
2.072413e+007 -1.098165e+006 2.072413e+007 -8.524548e+005 402308
2.072397e+007 -1.098989e+006 2.072398e+007 -8.530969e+005 402309
2.072382e+007 -1.099812e+006 2.072382e+007 -8.537387e+005 402310
2.072366e+007 -1.100636e+006 2.072366e+007 -8.543806e+005 402311
2.072350e+007 -1.101460e+006 2.072351e+007 -8.550223e+005 402312
2.072335e+007 -1.102282e+006 2.072335e+007 -8.556634e+005 402313
2.072288e+007 -1.104750e+006 2.072288e+007 -8.575863e+005 402316
2.072256e+007 -1.106395e+006 2.072257e+007 -8.588677e+005 402318
2.072241e+007 -1.107217e+006 2.072241e+007 -8.595082e+005 402319
2.072209e+007 -1.108861e+006 2.072210e+007 -8.607892e+005 402321
2.072194e+007 -1.109682e+006 2.072194e+007 -8.614290e+005 402322
2.072178e+007 -1.110502e+006 2.072178e+007 -8.620683e+005 402323
2.072163e+007 -1.111322e+006 2.072163e+007 -8.627072e+005 402324
2.072147e+007 -1.112142e+006 2.072147e+007 -8.633464e+005 402325
2.072100e+007 -1.114601e+006 2.072100e+007 -8.652620e+005 402328
2.072069e+007 -1.116238e+006 2.072069e+007 -8.665378e+005 402330
2.072053e+007 -1.117057e+006 2.072054e+007 -8.671757e+005 402331
2.072022e+007 -1.118694e+006 2.072023e+007 -8.684513e+005 402333
2.072007e+007 -1.119512e+006 2.072007e+007 -8.690888e+005 402334
2.071991e+007 -1.120329e+006 2.071991e+007 -8.697259e+005 402335
2.071976e+007 -1.121147e+006 2.071976e+007 -8.703629e+005 402336
2.071960e+007 -1.121964e+006 2.071960e+007 -8.709998e+005 402337
2.071913e+007 -1.124414e+006 2.071914e+007 -8.729087e+005 402340
2.071882e+007 -1.126046e+006 2.071883e+007 -8.741803e+005 402342
2.071867e+007 -1.126862e+006 2.071867e+007 -8.748160e+005 402343
2.071836e+007 -1.128493e+006 2.071836e+007 -8.760871e+005 402345
2.071820e+007 -1.129307e+006 2.071821e+007 -8.767218e+005 402346
2.071805e+007 -1.130122e+006 2.071805e+007 -8.773563e+005 402347
2.071789e+007 -1.130935e+006 2.071790e+007 -8.779904e+005 402348
2.071774e+007 -1.131749e+006 2.071774e+007 -8.786244e+005 402349
2.071712e+007 -1.135002e+006 2.071712e+007 -8.811593e+005 402353
2.071696e+007 -1.135815e+006 2.071697e+007 -8.817926e+005 402354
2.071650e+007 -1.138252e+006 2.071650e+007 -8.836917e+005 402357
2.071635e+007 -1.139064e+006 2.071635e+007 -8.843241e+005 402358
2.071619e+007 -1.139875e+006 2.071620e+007 -8.849566e+005 402359
2.071604e+007 -1.140688e+006 2.071604e+007 -8.855894e+005 402360
2.071588e+007 -1.141499e+006 2.071589e+007 -8.862218e+005 402361
2.071573e+007 -1.142310e+006 2.071573e+007 -8.868534e+005 402362
