2.449921e+007 7.876227e+004 2.449921e+007 2.273915e+004 401341
2.449984e+007 8.202810e+004 2.449984e+007 2.528395e+004 401342
2.450046e+007 8.529414e+004 2.450046e+007 2.782892e+004 401343
2.450108e+007 8.856042e+004 2.450108e+007 3.037407e+004 401344
2.450170e+007 9.182668e+004 2.450170e+007 3.291921e+004 401345
2.450232e+007 9.509315e+004 2.450232e+007 3.546451e+004 401346
2.450294e+007 9.836022e+004 2.450294e+007 3.801028e+004 401347
2.450357e+007 1.016275e+005 2.450357e+007 4.055622e+004 401348
2.450419e+007 1.048947e+005 2.450419e+007 4.310211e+004 401349
2.450481e+007 1.081620e+005 2.450481e+007 4.564800e+004 401350
2.450543e+007 1.114290e+005 2.450543e+007 4.819371e+004 401351
2.450605e+007 1.146962e+005 2.450605e+007 5.073964e+004 401352
2.450667e+007 1.179633e+005 2.450668e+007 5.328543e+004 401353
2.450730e+007 1.212306e+005 2.450730e+007 5.583137e+004 401354
2.450792e+007 1.244976e+005 2.450792e+007 5.837707e+004 401355
2.450854e+007 1.277643e+005 2.450854e+007 6.092257e+004 401356
2.450916e+007 1.310310e+005 2.450916e+007 6.346803e+004 401357
2.450978e+007 1.342984e+005 2.450978e+007 6.601405e+004 401358
2.451040e+007 1.375662e+005 2.451041e+007 6.856041e+004 401359
2.451103e+007 1.408345e+005 2.451103e+007 7.110710e+004 401360
2.451165e+007 1.441027e+005 2.451165e+007 7.365372e+004 401361
2.451227e+007 1.473704e+005 2.451227e+007 7.620003e+004 401362
2.451289e+007 1.506386e+005 2.451289e+007 7.874669e+004 401363
2.451351e+007 1.539070e+005 2.451352e+007 8.129346e+004 401364
2.451414e+007 1.571757e+005 2.451414e+007 8.384049e+004 401365
2.451476e+007 1.604446e+005 2.451476e+007 8.638768e+004 401366
2.451538e+007 1.637136e+005 2.451538e+007 8.893494e+004 401367
2.451600e+007 1.669829e+005 2.451600e+007 9.148242e+004 401368
2.451662e+007 1.702523e+005 2.451663e+007 9.403000e+004 401369
2.451725e+007 1.735215e+005 2.451725e+007 9.657744e+004 401370
2.451787e+007 1.767906e+005 2.451787e+007 9.912485e+004 401371
2.451849e+007 1.800595e+005 2.451849e+007 1.016720e+005 401372
2.451911e+007 1.833280e+005 2.451911e+007 1.042189e+005 401373
2.451973e+007 1.865969e+005 2.451974e+007 1.067661e+005 401374
2.452036e+007 1.898658e+005 2.452036e+007 1.093133e+005 401375
2.452098e+007 1.931345e+005 2.452098e+007 1.118603e+005 401376
2.452160e+007 1.964032e+005 2.452160e+007 1.144074e+005 401377
2.452222e+007 1.996724e+005 2.452223e+007 1.169548e+005 401378
2.452285e+007 2.029419e+005 2.452285e+007 1.195024e+005 401379
2.452347e+007 2.062116e+005 2.452347e+007 1.220502e+005 401380
2.452409e+007 2.094812e+005 2.452409e+007 1.245980e+005 401381
2.452471e+007 2.127507e+005 2.452471e+007 1.271456e+005 401382
2.452533e+007 2.160206e+005 2.452534e+007 1.296936e+005 401383
2.452596e+007 2.192907e+005 2.452596e+007 1.322418e+005 401384
2.452658e+007 2.225606e+005 2.452658e+007 1.347897e+005 401385
2.452720e+007 2.258307e+005 2.452720e+007 1.373378e+005 401386
2.452782e+007 2.291013e+005 2.452783e+007 1.398864e+005 401387
2.452845e+007 2.323722e+005 2.452845e+007 1.424351e+005 401388
2.452907e+007 2.356428e+005 2.452907e+007 1.449836e+005 401389
2.452969e+007 2.389136e+005 2.452969e+007 1.475323e+005 401390
2.453031e+007 2.421847e+005 2.453032e+007 1.500813e+005 401391
2.453093e+007 2.454559e+005 2.453094e+007 1.526302e+005 401392
2.453156e+007 2.487272e+005 2.453156e+007 1.551793e+005 401393
2.453218e+007 2.519990e+005 2.453218e+007 1.577287e+005 401394
2.453280e+007 2.552706e+005 2.453281e+007 1.602780e+005 401395
2.453343e+007 2.585422e+005 2.453343e+007 1.628273e+005 401396
2.453405e+007 2.618140e+005 2.453405e+007 1.653768e+005 401397
2.453467e+007 2.650861e+005 2.453467e+007 1.679265e+005 401398
2.453529e+007 2.683582e+005 2.453530e+007 1.704761e+005 401399
2.453592e+007 2.716302e+005 2.453592e+007 1.730257e+005 401400
2.453654e+007 2.749022e+005 2.453654e+007 1.755754e+005 401401
2.453716e+007 2.781746e+005 2.453716e+007 1.781253e+005 401402
2.453778e+007 2.814471e+005 2.453779e+007 1.806753e+005 401403
2.453841e+007 2.847197e+005 2.453841e+007 1.832253e+005 401404
2.453903e+007 2.879922e+005 2.453903e+007 1.857753e+005 401405
2.453965e+007 2.912648e+005 2.453965e+007 1.883254e+005 401406
2.454027e+007 2.945374e+005 2.454028e+007 1.908755e+005 401407
2.454152e+007 3.010834e+005 2.454152e+007 1.959763e+005 401409
2.454214e+007 3.043568e+005 2.454215e+007 1.985270e+005 401410
2.454277e+007 3.076301e+005 2.454277e+007 2.010776e+005 401411
2.454339e+007 3.109036e+005 2.454339e+007 2.036284e+005 401412
2.454401e+007 3.141776e+005 2.454402e+007 2.061795e+005 401413
2.454464e+007 3.174514e+005 2.454464e+007 2.087306e+005 401414
2.454526e+007 3.207248e+005 2.454526e+007 2.112813e+005 401415
2.454588e+007 3.239987e+005 2.454588e+007 2.138324e+005 401416
2.454650e+007 3.272727e+005 2.454651e+007 2.163836e+005 401417
2.454713e+007 3.305468e+005 2.454713e+007 2.189348e+005 401418
2.454775e+007 3.338211e+005 2.454775e+007 2.214862e+005 401419
2.454837e+007 3.370956e+005 2.454838e+007 2.240378e+005 401420
2.454900e+007 3.403700e+005 2.454900e+007 2.265893e+005 401421
2.454962e+007 3.436443e+005 2.454962e+007 2.291406e+005 401422
2.455024e+007 3.469187e+005 2.455025e+007 2.316921e+005 401423
2.455087e+007 3.501929e+005 2.455087e+007 2.342434e+005 401424
2.455149e+007 3.534674e+005 2.455149e+007 2.367950e+005 401425
2.455211e+007 3.567420e+005 2.455211e+007 2.393466e+005 401426
2.455274e+007 3.600171e+005 2.455274e+007 2.418986e+005 401427
2.455336e+007 3.632920e+005 2.455336e+007 2.444505e+005 401428
2.455398e+007 3.665671e+005 2.455398e+007 2.470026e+005 401429
2.455460e+007 3.698427e+005 2.455461e+007 2.495549e+005 401430
2.455523e+007 3.731185e+005 2.455523e+007 2.521075e+005 401431
2.455647e+007 3.796697e+005 2.455648e+007 2.572123e+005 401433
2.455710e+007 3.829451e+005 2.455710e+007 2.597646e+005 401434
2.455772e+007 3.862208e+005 2.455772e+007 2.623171e+005 401435
2.455897e+007 3.927730e+005 2.455897e+007 2.674227e+005 401437
2.455959e+007 3.960490e+005 2.455959e+007 2.699754e+005 401438
2.456022e+007 3.993253e+005 2.456022e+007 2.725284e+005 401439
2.456084e+007 4.026019e+005 2.456084e+007 2.750816e+005 401440
2.456146e+007 4.058786e+005 2.456147e+007 2.776349e+005 401441
2.456209e+007 4.091550e+005 2.456209e+007 2.801879e+005 401442
2.456271e+007 4.124315e+005 2.456271e+007 2.827410e+005 401443
2.456333e+007 4.157083e+005 2.456334e+007 2.852943e+005 401444
2.456396e+007 4.189851e+005 2.456396e+007 2.878477e+005 401445
2.456520e+007 4.255397e+005 2.456521e+007 2.929552e+005 401447
2.456583e+007 4.288174e+005 2.456583e+007 2.955092e+005 401448
2.456645e+007 4.320952e+005 2.456645e+007 2.980634e+005 401449
2.456708e+007 4.353730e+005 2.456708e+007 3.006175e+005 401450
2.456770e+007 4.386506e+005 2.456770e+007 3.031715e+005 401451
2.456832e+007 4.419279e+005 2.456833e+007 3.057252e+005 401452
2.456957e+007 4.484835e+005 2.456957e+007 3.108334e+005 401454
2.457019e+007 4.517616e+005 2.457020e+007 3.133878e+005 401455
2.457082e+007 4.550399e+005 2.457082e+007 3.159423e+005 401456
2.457207e+007 4.615969e+005 2.457207e+007 3.210517e+005 401458
2.457269e+007 4.648751e+005 2.457269e+007 3.236061e+005 401459
2.457331e+007 4.681535e+005 2.457332e+007 3.261608e+005 401460
2.457394e+007 4.714320e+005 2.457394e+007 3.287154e+005 401461
2.457456e+007 4.747103e+005 2.457456e+007 3.312699e+005 401462
2.457518e+007 4.779887e+005 2.457519e+007 3.338245e+005 401463
2.457581e+007 4.812674e+005 2.457581e+007 3.363793e+005 401464
2.457643e+007 4.845464e+005 2.457644e+007 3.389345e+005 401465
2.457706e+007 4.878260e+005 2.457706e+007 3.414900e+005 401466
2.457768e+007 4.911052e+005 2.457768e+007 3.440452e+005 401467
2.457830e+007 4.943845e+005 2.457831e+007 3.466005e+005 401468
2.457893e+007 4.976641e+005 2.457893e+007 3.491560e+005 401469
2.457955e+007 5.009430e+005 2.457956e+007 3.517110e+005 401470
2.458018e+007 5.042217e+005 2.458018e+007 3.542658e+005 401471
2.458080e+007 5.075016e+005 2.458080e+007 3.568216e+005 401472
2.458205e+007 5.140629e+005 2.458205e+007 3.619343e+005 401474
2.458267e+007 5.173438e+005 2.458268e+007 3.644908e+005 401475
2.458330e+007 5.206248e+005 2.458330e+007 3.670474e+005 401476
2.458392e+007 5.239052e+005 2.458393e+007 3.696036e+005 401477
2.458455e+007 5.271855e+005 2.458455e+007 3.721597e+005 401478
2.458517e+007 5.304662e+005 2.458517e+007 3.747161e+005 401479
2.458579e+007 5.337469e+005 2.458580e+007 3.772724e+005 401480
2.458642e+007 5.370277e+005 2.458642e+007 3.798289e+005 401481
2.458704e+007 5.403087e+005 2.458705e+007 3.823855e+005 401482
2.458767e+007 5.435897e+005 2.458767e+007 3.849422e+005 401483
2.458892e+007 5.501519e+005 2.458892e+007 3.900556e+005 401485
2.458954e+007 5.534331e+005 2.458954e+007 3.926124e+005 401486
2.459017e+007 5.567146e+005 2.459017e+007 3.951694e+005 401487
2.459079e+007 5.599958e+005 2.459079e+007 3.977261e+005 401488
2.459204e+007 5.665583e+005 2.459204e+007 4.028398e+005 401490
2.459266e+007 5.698409e+005 2.459267e+007 4.053977e+005 401491
2.459329e+007 5.731228e+005 2.459329e+007 4.079550e+005 401492
2.459391e+007 5.764049e+005 2.459392e+007 4.105124e+005 401493
2.459516e+007 5.829692e+005 2.459516e+007 4.156275e+005 401495
2.459579e+007 5.862513e+005 2.459579e+007 4.181849e+005 401496
2.459641e+007 5.895335e+005 2.459641e+007 4.207425e+005 401497
2.459704e+007 5.928163e+005 2.459704e+007 4.233005e+005 401498
2.459766e+007 5.960992e+005 2.459766e+007 4.258587e+005 401499
2.459891e+007 6.026646e+005 2.459891e+007 4.309746e+005 401501
2.459953e+007 6.059477e+005 2.459954e+007 4.335328e+005 401502
2.460016e+007 6.092309e+005 2.460016e+007 4.360911e+005 401503
2.460078e+007 6.125139e+005 2.460079e+007 4.386493e+005 401504
2.460141e+007 6.157974e+005 2.460141e+007 4.412079e+005 401505
2.460203e+007 6.190811e+005 2.460204e+007 4.437666e+005 401506
2.460266e+007 6.223646e+005 2.460266e+007 4.463252e+005 401507
2.460328e+007 6.256485e+005 2.460329e+007 4.488841e+005 401508
2.460391e+007 6.289325e+005 2.460391e+007 4.514431e+005 401509
2.460453e+007 6.322161e+005 2.460454e+007 4.540017e+005 401510
2.460516e+007 6.354998e+005 2.460516e+007 4.565604e+005 401511
2.460578e+007 6.387838e+005 2.460579e+007 4.591194e+005 401512
2.460641e+007 6.420683e+005 2.460641e+007 4.616787e+005 401513
2.460766e+007 6.486370e+005 2.460766e+007 4.667972e+005 401515
2.460828e+007 6.519209e+005 2.460829e+007 4.693561e+005 401516
2.460891e+007 6.552053e+005 2.460891e+007 4.719154e+005 401517
2.460953e+007 6.584898e+005 2.460954e+007 4.744747e+005 401518
2.461016e+007 6.617744e+005 2.461016e+007 4.770342e+005 401519
2.461078e+007 6.650596e+005 2.461079e+007 4.795940e+005 401520
2.461141e+007 6.683448e+005 2.461141e+007 4.821539e+005 401521
2.461203e+007 6.716301e+005 2.461204e+007 4.847139e+005 401522
2.461266e+007 6.749155e+005 2.461266e+007 4.872739e+005 401523
2.461328e+007 6.782006e+005 2.461329e+007 4.898338e+005 401524
2.461391e+007 6.814854e+005 2.461391e+007 4.923933e+005 401525
2.461453e+007 6.847703e+005 2.461454e+007 4.949530e+005 401526
2.461516e+007 6.880554e+005 2.461516e+007 4.975128e+005 401527
2.461578e+007 6.913406e+005 2.461579e+007 5.000727e+005 401528
2.461641e+007 6.946261e+005 2.461641e+007 5.026329e+005 401529
2.461703e+007 6.979118e+005 2.461704e+007 5.051932e+005 401530
2.461766e+007 7.011978e+005 2.461766e+007 5.077537e+005 401531
2.461829e+007 7.044839e+005 2.461829e+007 5.103143e+005 401532
2.461891e+007 7.077701e+005 2.461891e+007 5.128749e+005 401533
2.461954e+007 7.110564e+005 2.461954e+007 5.154357e+005 401534
2.462016e+007 7.143428e+005 2.462016e+007 5.179965e+005 401535
2.462079e+007 7.176291e+005 2.462079e+007 5.205573e+005 401536
2.462141e+007 7.209158e+005 2.462142e+007 5.231184e+005 401537
2.462204e+007 7.242031e+005 2.462204e+007 5.256798e+005 401538
2.462266e+007 7.274901e+005 2.462267e+007 5.282412e+005 401539
2.462329e+007 7.307770e+005 2.462329e+007 5.308024e+005 401540
2.462454e+007 7.373505e+005 2.462454e+007 5.359246e+005 401542
2.462516e+007 7.406372e+005 2.462517e+007 5.384857e+005 401543
2.462579e+007 7.439244e+005 2.462579e+007 5.410471e+005 401544
2.462642e+007 7.472117e+005 2.462642e+007 5.436087e+005 401545
2.462704e+007 7.504992e+005 2.462704e+007 5.461704e+005 401546
2.462767e+007 7.537870e+005 2.462767e+007 5.487323e+005 401547
2.462829e+007 7.570749e+005 2.462830e+007 5.512942e+005 401548
2.462892e+007 7.603627e+005 2.462892e+007 5.538562e+005 401549
2.463017e+007 7.669382e+005 2.463017e+007 5.589799e+005 401551
2.463080e+007 7.702255e+005 2.463080e+007 5.615415e+005 401552
2.463142e+007 7.735132e+005 2.463142e+007 5.641034e+005 401553
2.463205e+007 7.768016e+005 2.463205e+007 5.666657e+005 401554
2.463330e+007 7.833790e+005 2.463330e+007 5.717909e+005 401556
2.463392e+007 7.866675e+005 2.463393e+007 5.743534e+005 401557
2.463455e+007 7.899562e+005 2.463455e+007 5.769160e+005 401558
2.463580e+007 7.965337e+005 2.463581e+007 5.820414e+005 401560
2.463643e+007 7.998226e+005 2.463643e+007 5.846042e+005 401561
2.463705e+007 8.031119e+005 2.463706e+007 5.871672e+005 401562
2.463768e+007 8.064013e+005 2.463768e+007 5.897304e+005 401563
2.463831e+007 8.096907e+005 2.463831e+007 5.922936e+005 401564
2.463893e+007 8.129798e+005 2.463893e+007 5.948565e+005 401565
2.463956e+007 8.162693e+005 2.463956e+007 5.974198e+005 401566
2.464018e+007 8.195586e+005 2.464019e+007 5.999828e+005 401567
2.464081e+007 8.228477e+005 2.464081e+007 6.025458e+005 401568
2.464143e+007 8.261369e+005 2.464144e+007 6.051088e+005 401569
2.464206e+007 8.294263e+005 2.464206e+007 6.076720e+005 401570
2.464269e+007 8.327161e+005 2.464269e+007 6.102355e+005 401571
2.464394e+007 8.392963e+005 2.464394e+007 6.153629e+005 401573
2.464456e+007 8.425865e+005 2.464457e+007 6.179266e+005 401574
2.464519e+007 8.458765e+005 2.464519e+007 6.204903e+005 401575
2.464582e+007 8.491669e+005 2.464582e+007 6.230543e+005 401576
2.464644e+007 8.524576e+005 2.464645e+007 6.256185e+005 401577
2.464707e+007 8.557477e+005 2.464707e+007 6.281821e+005 401578
2.464770e+007 8.590380e+005 2.464770e+007 6.307460e+005 401579
2.464832e+007 8.623289e+005 2.464833e+007 6.333104e+005 401580
2.464895e+007 8.656196e+005 2.464895e+007 6.358745e+005 401581
2.464957e+007 8.689105e+005 2.464958e+007 6.384389e+005 401582
2.465020e+007 8.722020e+005 2.465020e+007 6.410037e+005 401583
2.465083e+007 8.754939e+005 2.465083e+007 6.435688e+005 401584
2.465145e+007 8.787856e+005 2.465146e+007 6.461338e+005 401585
2.465208e+007 8.820773e+005 2.465208e+007 6.486987e+005 401586
2.465333e+007 8.886605e+005 2.465334e+007 6.538285e+005 401588
2.465396e+007 8.919520e+005 2.465396e+007 6.563933e+005 401589
2.465459e+007 8.952435e+005 2.465459e+007 6.589581e+005 401590
2.465521e+007 8.985352e+005 2.465522e+007 6.615231e+005 401591
2.465584e+007 9.018268e+005 2.465584e+007 6.640880e+005 401592
2.465709e+007 9.084102e+005 2.465709e+007 6.692178e+005 401594
2.465772e+007 9.117021e+005 2.465772e+007 6.717830e+005 401595
2.465897e+007 9.182861e+005 2.465897e+007 6.769134e+005 401597
2.465960e+007 9.215783e+005 2.465960e+007 6.794788e+005 401598
2.466022e+007 9.248706e+005 2.466023e+007 6.820442e+005 401599
2.466085e+007 9.281633e+005 2.466085e+007 6.846099e+005 401600
2.466148e+007 9.314565e+005 2.466148e+007 6.871760e+005 401601
2.466210e+007 9.347498e+005 2.466211e+007 6.897423e+005 401602
2.466273e+007 9.380429e+005 2.466273e+007 6.923083e+005 401603
2.466336e+007 9.413357e+005 2.466336e+007 6.948742e+005 401604
2.466461e+007 9.479216e+005 2.466461e+007 7.000060e+005 401606
2.466524e+007 9.512148e+005 2.466524e+007 7.025722e+005 401607
2.466586e+007 9.545085e+005 2.466587e+007 7.051386e+005 401608
2.466649e+007 9.578022e+005 2.466649e+007 7.077051e+005 401609
2.466712e+007 9.610955e+005 2.466712e+007 7.102714e+005 401610
2.466774e+007 9.643887e+005 2.466775e+007 7.128375e+005 401611
2.466837e+007 9.676822e+005 2.466837e+007 7.154039e+005 401612
2.466900e+007 9.709758e+005 2.466900e+007 7.179703e+005 401613
2.466962e+007 9.742695e+005 2.466963e+007 7.205368e+005 401614
2.467025e+007 9.775636e+005 2.467025e+007 7.231037e+005 401615
2.467088e+007 9.808578e+005 2.467088e+007 7.256706e+005 401616
2.467150e+007 9.841518e+005 2.467151e+007 7.282373e+005 401617
2.467213e+007 9.874460e+005 2.467213e+007 7.308043e+005 401618
2.467338e+007 9.940355e+005 2.467339e+007 7.359389e+005 401620
2.467401e+007 9.973302e+005 2.467402e+007 7.385062e+005 401621
2.467464e+007 1.000625e+006 2.467464e+007 7.410732e+005 401622
2.467527e+007 1.003919e+006 2.467527e+007 7.436403e+005 401623
2.467589e+007 1.007214e+006 2.467590e+007 7.462076e+005 401624
2.467652e+007 1.010509e+006 2.467652e+007 7.487752e+005 401625
2.467715e+007 1.013804e+006 2.467715e+007 7.513428e+005 401626
2.467777e+007 1.017099e+006 2.467778e+007 7.539107e+005 401627
2.467840e+007 1.020394e+006 2.467840e+007 7.564783e+005 401628
2.467903e+007 1.023690e+006 2.467903e+007 7.590460e+005 401629
2.467965e+007 1.026985e+006 2.467966e+007 7.616139e+005 401630
2.468028e+007 1.030281e+006 2.468029e+007 7.641819e+005 401631
2.468091e+007 1.033576e+006 2.468091e+007 7.667497e+005 401632
2.468154e+007 1.036872e+006 2.468154e+007 7.693176e+005 401633
2.468216e+007 1.040167e+006 2.468217e+007 7.718859e+005 401634
2.468342e+007 1.046760e+006 2.468342e+007 7.770227e+005 401636
2.468404e+007 1.050056e+006 2.468405e+007 7.795911e+005 401637
2.468467e+007 1.053352e+006 2.468468e+007 7.821592e+005 401638
2.468530e+007 1.056647e+006 2.468530e+007 7.847274e+005 401639
2.468593e+007 1.059943e+006 2.468593e+007 7.872957e+005 401640
2.468655e+007 1.063240e+006 2.468656e+007 7.898642e+005 401641
2.468718e+007 1.066536e+006 2.468718e+007 7.924328e+005 401642
2.468844e+007 1.073130e+006 2.468844e+007 7.975711e+005 401644
2.468906e+007 1.076427e+006 2.468907e+007 8.001404e+005 401645
2.468969e+007 1.079724e+006 2.468969e+007 8.027094e+005 401646
2.469032e+007 1.083021e+006 2.469032e+007 8.052784e+005 401647
2.469095e+007 1.086318e+006 2.469095e+007 8.078475e+005 401648
2.469157e+007 1.089615e+006 2.469158e+007 8.104166e+005 401649
2.469220e+007 1.092913e+006 2.469220e+007 8.129860e+005 401650
2.469283e+007 1.096210e+006 2.469283e+007 8.155556e+005 401651
2.469346e+007 1.099508e+006 2.469346e+007 8.181251e+005 401652
2.469408e+007 1.102805e+006 2.469409e+007 8.206944e+005 401653
2.469534e+007 1.109401e+006 2.469534e+007 8.258337e+005 401655
2.469659e+007 1.115996e+006 2.469660e+007 8.309732e+005 401657
2.469722e+007 1.119294e+006 2.469722e+007 8.335431e+005 401658
2.469785e+007 1.122592e+006 2.469785e+007 8.361130e+005 401659
2.469848e+007 1.125890e+006 2.469848e+007 8.386827e+005 401660
2.469910e+007 1.129188e+006 2.469911e+007 8.412526e+005 401661
2.469973e+007 1.132487e+006 2.469973e+007 8.438229e+005 401662
2.470099e+007 1.139084e+006 2.470099e+007 8.489637e+005 401664
2.470161e+007 1.142383e+006 2.470162e+007 8.515345e+005 401665
2.470224e+007 1.145682e+006 2.470225e+007 8.541052e+005 401666
2.470287e+007 1.148981e+006 2.470287e+007 8.566759e+005 401667
2.470350e+007 1.152280e+006 2.470350e+007 8.592466e+005 401668
2.470413e+007 1.155579e+006 2.470413e+007 8.618172e+005 401669
2.470475e+007 1.158878e+006 2.470476e+007 8.643875e+005 401670
2.470538e+007 1.162177e+006 2.470538e+007 8.669579e+005 401671
2.470601e+007 1.165476e+006 2.470601e+007 8.695287e+005 401672
2.470664e+007 1.168775e+006 2.470664e+007 8.720997e+005 401673
2.470726e+007 1.172075e+006 2.470727e+007 8.746707e+005 401674
2.470789e+007 1.175374e+006 2.470790e+007 8.772415e+005 401675
2.470852e+007 1.178673e+006 2.470852e+007 8.798123e+005 401676
2.470915e+007 1.181972e+006 2.470915e+007 8.823832e+005 401677
2.470978e+007 1.185272e+006 2.470978e+007 8.849543e+005 401678
2.471040e+007 1.188571e+006 2.471041e+007 8.875254e+005 401679
2.471103e+007 1.191871e+006 2.471104e+007 8.900967e+005 401680
2.471166e+007 1.195171e+006 2.471166e+007 8.926681e+005 401681
2.471229e+007 1.198471e+006 2.471229e+007 8.952395e+005 401682
2.471292e+007 1.201772e+006 2.471292e+007 8.978111e+005 401683
2.471354e+007 1.205072e+006 2.471355e+007 9.003832e+005 401684
2.471417e+007 1.208373e+006 2.471418e+007 9.029550e+005 401685
2.471480e+007 1.211673e+006 2.471480e+007 9.055267e+005 401686
2.471543e+007 1.214974e+006 2.471543e+007 9.080989e+005 401687
2.471606e+007 1.218275e+006 2.471606e+007 9.106711e+005 401688
2.471668e+007 1.221576e+006 2.471669e+007 9.132433e+005 401689
2.471731e+007 1.224877e+006 2.471732e+007 9.158157e+005 401690
2.471794e+007 1.228179e+006 2.471794e+007 9.183883e+005 401691
2.471857e+007 1.231480e+006 2.471857e+007 9.209607e+005 401692
2.471920e+007 1.234781e+006 2.471920e+007 9.235331e+005 401693
2.471983e+007 1.238083e+006 2.471983e+007 9.261055e+005 401694
2.472045e+007 1.241384e+006 2.472046e+007 9.286779e+005 401695
2.472108e+007 1.244685e+006 2.472109e+007 9.312502e+005 401696
2.472171e+007 1.247986e+006 2.472171e+007 9.338222e+005 401697
2.472234e+007 1.251287e+006 2.472234e+007 9.363948e+005 401698
2.472297e+007 1.254589e+006 2.472297e+007 9.389677e+005 401699
2.472359e+007 1.257891e+006 2.472360e+007 9.415408e+005 401700
2.472422e+007 1.261193e+006 2.472423e+007 9.441138e+005 401701
2.472485e+007 1.264495e+006 2.472486e+007 9.466869e+005 401702
2.472548e+007 1.267797e+006 2.472548e+007 9.492598e+005 401703
2.472611e+007 1.271099e+006 2.472611e+007 9.518325e+005 401704
2.472674e+007 1.274401e+006 2.472674e+007 9.544055e+005 401705
2.472799e+007 1.281005e+006 2.472800e+007 9.595518e+005 401707
2.472862e+007 1.284308e+006 2.472863e+007 9.621251e+005 401708
2.472925e+007 1.287610e+006 2.472925e+007 9.646985e+005 401709
2.472988e+007 1.290913e+006 2.472988e+007 9.672718e+005 401710
2.473051e+007 1.294215e+006 2.473051e+007 9.698450e+005 401711
2.473114e+007 1.297518e+006 2.473114e+007 9.724184e+005 401712
2.473176e+007 1.300821e+006 2.473177e+007 9.749923e+005 401713
2.473239e+007 1.304124e+006 2.473240e+007 9.775661e+005 401714
2.473302e+007 1.307427e+006 2.473302e+007 9.801400e+005 401715
2.473365e+007 1.310730e+006 2.473365e+007 9.827138e+005 401716
2.473428e+007 1.314033e+006 2.473428e+007 9.852874e+005 401717
2.473491e+007 1.317336e+006 2.473491e+007 9.878612e+005 401718
2.473554e+007 1.320639e+006 2.473554e+007 9.904354e+005 401719
2.473616e+007 1.323943e+006 2.473617e+007 9.930095e+005 401720
2.473742e+007 1.330551e+006 2.473742e+007 9.981584e+005 401722
2.473805e+007 1.333854e+006 2.473805e+007 1.000733e+006 401723
2.473868e+007 1.337158e+006 2.473868e+007 1.003307e+006 401724
2.473931e+007 1.340462e+006 2.473931e+007 1.005881e+006 401725
2.473994e+007 1.343765e+006 2.473994e+007 1.008456e+006 401726
2.474119e+007 1.350373e+006 2.474120e+007 1.013605e+006 401728
2.474182e+007 1.353677e+006 2.474183e+007 1.016179e+006 401729
2.474308e+007 1.360287e+006 2.474308e+007 1.021329e+006 401731
2.474371e+007 1.363591e+006 2.474371e+007 1.023904e+006 401732
2.474434e+007 1.366896e+006 2.474434e+007 1.026479e+006 401733
2.474497e+007 1.370200e+006 2.474497e+007 1.029054e+006 401734
2.474560e+007 1.373505e+006 2.474560e+007 1.031630e+006 401735
2.474622e+007 1.376810e+006 2.474623e+007 1.034205e+006 401736
2.474685e+007 1.380116e+006 2.474686e+007 1.036780e+006 401737
2.474748e+007 1.383421e+006 2.474749e+007 1.039356e+006 401738
2.474811e+007 1.386726e+006 2.474811e+007 1.041931e+006 401739
2.474874e+007 1.390031e+006 2.474874e+007 1.044507e+006 401740
2.474937e+007 1.393337e+006 2.474937e+007 1.047083e+006 401741
2.475000e+007 1.396642e+006 2.475000e+007 1.049658e+006 401742
2.475063e+007 1.399947e+006 2.475063e+007 1.052234e+006 401743
2.475126e+007 1.403252e+006 2.475126e+007 1.054809e+006 401744
2.475188e+007 1.406558e+006 2.475189e+007 1.057385e+006 401745
2.475251e+007 1.409863e+006 2.475252e+007 1.059961e+006 401746
2.475314e+007 1.413169e+006 2.475315e+007 1.062537e+006 401747
2.475377e+007 1.416475e+006 2.475378e+007 1.065113e+006 401748
2.475440e+007 1.419781e+006 2.475440e+007 1.067689e+006 401749
2.475503e+007 1.423087e+006 2.475503e+007 1.070265e+006 401750
2.475566e+007 1.426393e+006 2.475566e+007 1.072841e+006 401751
2.475692e+007 1.433005e+006 2.475692e+007 1.077993e+006 401753
2.475755e+007 1.436311e+006 2.475755e+007 1.080569e+006 401754
2.475818e+007 1.439617e+006 2.475818e+007 1.083145e+006 401755
2.475880e+007 1.442923e+006 2.475881e+007 1.085721e+006 401756
2.475943e+007 1.446230e+006 2.475944e+007 1.088298e+006 401757
2.476006e+007 1.449538e+006 2.476007e+007 1.090876e+006 401758
2.476069e+007 1.452845e+006 2.476070e+007 1.093453e+006 401759
2.476132e+007 1.456152e+006 2.476133e+007 1.096030e+006 401760
2.476195e+007 1.459459e+006 2.476195e+007 1.098607e+006 401761
2.476258e+007 1.462766e+006 2.476258e+007 1.101184e+006 401762
2.476321e+007 1.466073e+006 2.476321e+007 1.103760e+006 401763
2.476447e+007 1.472688e+006 2.476447e+007 1.108915e+006 401765
2.476510e+007 1.475995e+006 2.476510e+007 1.111492e+006 401766
2.476573e+007 1.479303e+006 2.476573e+007 1.114069e+006 401767
2.476636e+007 1.482610e+006 2.476636e+007 1.116646e+006 401768
2.476699e+007 1.485918e+006 2.476699e+007 1.119224e+006 401769
2.476762e+007 1.489225e+006 2.476762e+007 1.121801e+006 401770
2.476825e+007 1.492532e+006 2.476825e+007 1.124378e+006 401771
2.476887e+007 1.495840e+006 2.476888e+007 1.126955e+006 401772
2.476950e+007 1.499148e+006 2.476951e+007 1.129533e+006 401773
2.477013e+007 1.502455e+006 2.477014e+007 1.132110e+006 401774
2.477076e+007 1.505763e+006 2.477077e+007 1.134688e+006 401775
2.477139e+007 1.509071e+006 2.477140e+007 1.137265e+006 401776
2.477202e+007 1.512380e+006 2.477203e+007 1.139843e+006 401777
2.477265e+007 1.515688e+006 2.477265e+007 1.142421e+006 401778
2.477328e+007 1.518996e+006 2.477328e+007 1.144999e+006 401779
2.477391e+007 1.522305e+006 2.477391e+007 1.147577e+006 401780
2.477454e+007 1.525614e+006 2.477454e+007 1.150156e+006 401781
2.477580e+007 1.532232e+006 2.477580e+007 1.155313e+006 401783
