2.193629e+007 -8.094195e+005 2.193629e+007 -6.045719e+005 401170
2.193110e+007 -8.366858e+005 2.193110e+007 -6.258184e+005 401171
2.192721e+007 -8.570939e+005 2.192722e+007 -6.417208e+005 401172
2.192442e+007 -8.717682e+005 2.192443e+007 -6.531553e+005 401173
2.192252e+007 -8.817876e+005 2.192252e+007 -6.609626e+005 401174
2.192062e+007 -8.917326e+005 2.192063e+007 -6.687119e+005 401176
2.192032e+007 -8.933099e+005 2.192033e+007 -6.699410e+005 401177
2.192028e+007 -8.935219e+005 2.192029e+007 -6.701062e+005 401178
2.192040e+007 -8.928942e+005 2.192041e+007 -6.696171e+005 401179
2.192060e+007 -8.918399e+005 2.192061e+007 -6.687956e+005 401180
2.192082e+007 -8.906754e+005 2.192083e+007 -6.678881e+005 401181
2.192102e+007 -8.896306e+005 2.192103e+007 -6.670740e+005 401182
2.192117e+007 -8.888641e+005 2.192117e+007 -6.664768e+005 401183
2.192124e+007 -8.885177e+005 2.192124e+007 -6.662068e+005 401185
2.192114e+007 -8.890065e+005 2.192115e+007 -6.665877e+005 401186
2.192097e+007 -8.899319e+005 2.192097e+007 -6.673088e+005 401187
2.192071e+007 -8.912660e+005 2.192072e+007 -6.683483e+005 401188
2.192039e+007 -8.929691e+005 2.192039e+007 -6.696754e+005 401189
2.192000e+007 -8.949942e+005 2.192001e+007 -6.712534e+005 401190
2.191957e+007 -8.972930e+005 2.191957e+007 -6.730447e+005 401191
2.191909e+007 -8.998179e+005 2.191909e+007 -6.750121e+005 401192
2.191857e+007 -9.025233e+005 2.191858e+007 -6.771202e+005 401193
2.191803e+007 -9.053684e+005 2.191803e+007 -6.793371e+005 401194
2.191747e+007 -9.083176e+005 2.191747e+007 -6.816353e+005 401195
2.191689e+007 -9.113394e+005 2.191690e+007 -6.839899e+005 401196
2.191631e+007 -9.144083e+005 2.191631e+007 -6.863812e+005 401197
2.191513e+007 -9.206116e+005 2.191513e+007 -6.912150e+005 401199
2.191454e+007 -9.237194e+005 2.191454e+007 -6.936366e+005 401200
2.191395e+007 -9.268205e+005 2.191395e+007 -6.960531e+005 401201
2.191336e+007 -9.299015e+005 2.191336e+007 -6.984538e+005 401202
2.191278e+007 -9.329583e+005 2.191278e+007 -7.008357e+005 401203
2.191220e+007 -9.359919e+005 2.191221e+007 -7.031996e+005 401204
2.189435e+007 -1.029815e+006 2.189435e+007 -7.763085e+005 401236
2.189379e+007 -1.032736e+006 2.189380e+007 -7.785852e+005 401237
2.189323e+007 -1.035658e+006 2.189324e+007 -7.808614e+005 401238
2.189268e+007 -1.038579e+006 2.189268e+007 -7.831377e+005 401239
2.189212e+007 -1.041499e+006 2.189213e+007 -7.854131e+005 401240
2.189157e+007 -1.044418e+006 2.189157e+007 -7.876881e+005 401241
2.189101e+007 -1.047337e+006 2.189102e+007 -7.899624e+005 401242
2.189046e+007 -1.050255e+006 2.189046e+007 -7.922361e+005 401243
2.188990e+007 -1.053172e+006 2.188991e+007 -7.945090e+005 401244
2.188935e+007 -1.056087e+006 2.188935e+007 -7.967808e+005 401245
2.188879e+007 -1.059003e+006 2.188880e+007 -7.990524e+005 401246
2.188824e+007 -1.061917e+006 2.188824e+007 -8.013234e+005 401247
2.188768e+007 -1.064831e+006 2.188769e+007 -8.035943e+005 401248
2.188713e+007 -1.067746e+006 2.188713e+007 -8.058656e+005 401249
2.188657e+007 -1.070660e+006 2.188658e+007 -8.081361e+005 401250
2.188602e+007 -1.073573e+006 2.188602e+007 -8.104057e+005 401251
2.188547e+007 -1.076484e+006 2.188547e+007 -8.126742e+005 401252
2.188491e+007 -1.079394e+006 2.188492e+007 -8.149420e+005 401253
2.188436e+007 -1.082305e+006 2.188436e+007 -8.172099e+005 401254
2.188380e+007 -1.085215e+006 2.188381e+007 -8.194774e+005 401255
2.188325e+007 -1.088125e+006 2.188325e+007 -8.217448e+005 401256
2.188270e+007 -1.091035e+006 2.188270e+007 -8.240122e+005 401257
2.188214e+007 -1.093945e+006 2.188215e+007 -8.262800e+005 401258
2.188159e+007 -1.096855e+006 2.188159e+007 -8.285475e+005 401259
2.188104e+007 -1.099764e+006 2.188104e+007 -8.308146e+005 401260
2.188048e+007 -1.102673e+006 2.188049e+007 -8.330816e+005 401261
2.187993e+007 -1.105582e+006 2.187993e+007 -8.353482e+005 401262
2.187937e+007 -1.108491e+006 2.187938e+007 -8.376143e+005 401263
2.187882e+007 -1.111398e+006 2.187883e+007 -8.398797e+005 401264
2.187827e+007 -1.114304e+006 2.187827e+007 -8.421446e+005 401265
2.187772e+007 -1.117211e+006 2.187772e+007 -8.444092e+005 401266
2.187716e+007 -1.120117e+006 2.187717e+007 -8.466738e+005 401267
2.187661e+007 -1.123023e+006 2.187661e+007 -8.489385e+005 401268
2.187606e+007 -1.125929e+006 2.187606e+007 -8.512026e+005 401269
2.187550e+007 -1.128834e+006 2.187551e+007 -8.534661e+005 401270
2.187495e+007 -1.131738e+006 2.187495e+007 -8.557296e+005 401271
2.187440e+007 -1.134643e+006 2.187440e+007 -8.579928e+005 401272
2.187385e+007 -1.137547e+006 2.187385e+007 -8.602556e+005 401273
2.187329e+007 -1.140450e+006 2.187330e+007 -8.625180e+005 401274
2.187274e+007 -1.143354e+006 2.187274e+007 -8.647804e+005 401275
2.187219e+007 -1.146257e+006 2.187219e+007 -8.670430e+005 401276
2.187164e+007 -1.149160e+006 2.187164e+007 -8.693049e+005 401277
2.187108e+007 -1.152060e+006 2.187109e+007 -8.715643e+005 401278
2.186943e+007 -1.160766e+006 2.186943e+007 -8.783486e+005 401281
2.186887e+007 -1.163670e+006 2.186888e+007 -8.806115e+005 401282
2.186832e+007 -1.166575e+006 2.186832e+007 -8.828750e+005 401283
2.186777e+007 -1.169479e+006 2.186778e+007 -8.851381e+005 401284
2.185510e+007 -1.357138e+005 2.185509e+007 -9.729067e+004 401307
2.185455e+007 -1.386065e+005 2.185454e+007 -9.954469e+004 401308
2.185179e+007 -1.530853e+005 2.185179e+007 -1.108270e+005 401313
2.185124e+007 -1.559788e+005 2.185124e+007 -1.130817e+005 401314
2.185069e+007 -1.588616e+005 2.185069e+007 -1.153280e+005 401315
2.185014e+007 -1.617429e+005 2.185014e+007 -1.175732e+005 401316
2.184959e+007 -1.646245e+005 2.184960e+007 -1.198185e+005 401317
2.184904e+007 -1.675064e+005 2.184905e+007 -1.220642e+005 401318
2.184850e+007 -1.703895e+005 2.184850e+007 -1.243107e+005 401319
2.184795e+007 -1.732736e+005 2.184795e+007 -1.265580e+005 401320
2.184740e+007 -1.761573e+005 2.184740e+007 -1.288051e+005 401321
2.184685e+007 -1.790412e+005 2.184685e+007 -1.310523e+005 401322
2.184630e+007 -1.819254e+005 2.184630e+007 -1.332997e+005 401323
2.184575e+007 -1.848096e+005 2.184575e+007 -1.355471e+005 401324
2.184520e+007 -1.876933e+005 2.184521e+007 -1.377942e+005 401325
2.184465e+007 -1.905770e+005 2.184466e+007 -1.400412e+005 401326
2.184411e+007 -1.934605e+005 2.184411e+007 -1.422881e+005 401327
2.184356e+007 -1.963437e+005 2.184356e+007 -1.445348e+005 401328
2.184301e+007 -1.992272e+005 2.184301e+007 -1.467816e+005 401329
2.184246e+007 -2.021102e+005 2.184246e+007 -1.490281e+005 401330
2.184191e+007 -2.049922e+005 2.184191e+007 -1.512739e+005 401331
2.184136e+007 -2.078741e+005 2.184136e+007 -1.535194e+005 401332
2.184081e+007 -2.107555e+005 2.184082e+007 -1.557647e+005 401333
2.184027e+007 -2.136365e+005 2.184027e+007 -1.580096e+005 401334
2.183972e+007 -2.165177e+005 2.183972e+007 -1.602547e+005 401335
2.183917e+007 -2.193987e+005 2.183917e+007 -1.624996e+005 401336
2.183862e+007 -2.222787e+005 2.183862e+007 -1.647438e+005 401337
2.183807e+007 -2.251584e+005 2.183808e+007 -1.669877e+005 401338
2.183753e+007 -2.280373e+005 2.183753e+007 -1.692310e+005 401339
2.183698e+007 -2.309159e+005 2.183698e+007 -1.714740e+005 401340
2.183643e+007 -2.337943e+005 2.183643e+007 -1.737170e+005 401341
2.183588e+007 -2.366723e+005 2.183588e+007 -1.759596e+005 401342
2.183534e+007 -2.395498e+005 2.183534e+007 -1.782018e+005 401343
2.183479e+007 -2.424268e+005 2.183479e+007 -1.804436e+005 401344
2.183424e+007 -2.453035e+005 2.183424e+007 -1.826852e+005 401345
2.183369e+007 -2.481798e+005 2.183370e+007 -1.849265e+005 401346
2.183315e+007 -2.510552e+005 2.183315e+007 -1.871670e+005 401347
2.183260e+007 -2.539302e+005 2.183260e+007 -1.894073e+005 401348
2.183205e+007 -2.568049e+005 2.183205e+007 -1.916473e+005 401349
2.183150e+007 -2.596794e+005 2.183151e+007 -1.938872e+005 401350
2.183096e+007 -2.625539e+005 2.183096e+007 -1.961270e+005 401351
2.183041e+007 -2.654278e+005 2.183041e+007 -1.983664e+005 401352
2.182986e+007 -2.683016e+005 2.182987e+007 -2.006057e+005 401353
2.182932e+007 -2.711749e+005 2.182932e+007 -2.028447e+005 401354
2.182877e+007 -2.740483e+005 2.182877e+007 -2.050837e+005 401355
2.182822e+007 -2.769217e+005 2.182823e+007 -2.073227e+005 401356
2.182768e+007 -2.797949e+005 2.182768e+007 -2.095615e+005 401357
2.182713e+007 -2.826671e+005 2.182713e+007 -2.117996e+005 401358
2.182658e+007 -2.855386e+005 2.182659e+007 -2.140371e+005 401359
2.182604e+007 -2.884094e+005 2.182604e+007 -2.162741e+005 401360
2.182549e+007 -2.912800e+005 2.182549e+007 -2.185110e+005 401361
2.182495e+007 -2.941507e+005 2.182495e+007 -2.207479e+005 401362
2.182440e+007 -2.970208e+005 2.182440e+007 -2.229843e+005 401363
2.182385e+007 -2.998904e+005 2.182385e+007 -2.252204e+005 401364
2.182331e+007 -3.027595e+005 2.182331e+007 -2.274560e+005 401365
2.182276e+007 -3.056280e+005 2.182276e+007 -2.296912e+005 401366
2.182222e+007 -3.084962e+005 2.182222e+007 -2.319262e+005 401367
2.182167e+007 -3.113639e+005 2.182167e+007 -2.341607e+005 401368
2.182112e+007 -3.142311e+005 2.182113e+007 -2.363949e+005 401369
2.182058e+007 -3.170983e+005 2.182058e+007 -2.386291e+005 401370
2.182003e+007 -3.199653e+005 2.182003e+007 -2.408631e+005 401371
2.181949e+007 -3.228323e+005 2.181949e+007 -2.430971e+005 401372
2.181894e+007 -3.256993e+005 2.181894e+007 -2.453312e+005 401373
2.181840e+007 -3.285658e+005 2.181840e+007 -2.475648e+005 401374
2.181785e+007 -3.314320e+005 2.181785e+007 -2.497982e+005 401375
2.181731e+007 -3.342981e+005 2.181731e+007 -2.520315e+005 401376
2.181676e+007 -3.371638e+005 2.181676e+007 -2.542645e+005 401377
2.181621e+007 -3.400289e+005 2.181622e+007 -2.564971e+005 401378
2.181567e+007 -3.428934e+005 2.181567e+007 -2.587291e+005 401379
2.181512e+007 -3.457575e+005 2.181513e+007 -2.609608e+005 401380
2.181458e+007 -3.486213e+005 2.181458e+007 -2.631924e+005 401381
2.181403e+007 -3.514850e+005 2.181404e+007 -2.654239e+005 401382
2.181349e+007 -3.543480e+005 2.181349e+007 -2.676548e+005 401383
2.181295e+007 -3.572106e+005 2.181295e+007 -2.698853e+005 401384
2.181240e+007 -3.600730e+005 2.181240e+007 -2.721158e+005 401385
2.181186e+007 -3.629351e+005 2.181186e+007 -2.743460e+005 401386
2.181131e+007 -3.657963e+005 2.181131e+007 -2.765755e+005 401387
2.181077e+007 -3.686570e+005 2.181077e+007 -2.788046e+005 401388
2.181022e+007 -3.715177e+005 2.181022e+007 -2.810337e+005 401389
2.180968e+007 -3.743779e+005 2.180968e+007 -2.832625e+005 401390
2.180913e+007 -3.772376e+005 2.180914e+007 -2.854908e+005 401391
2.180859e+007 -3.800969e+005 2.180859e+007 -2.877188e+005 401392
2.180805e+007 -3.829558e+005 2.180805e+007 -2.899465e+005 401393
2.180750e+007 -3.858141e+005 2.180750e+007 -2.921738e+005 401394
2.180696e+007 -3.886721e+005 2.180696e+007 -2.944008e+005 401395
2.180641e+007 -3.915300e+005 2.180642e+007 -2.966277e+005 401396
2.180587e+007 -3.943874e+005 2.180587e+007 -2.988542e+005 401397
2.180533e+007 -3.972441e+005 2.180533e+007 -3.010803e+005 401398
2.180478e+007 -4.001007e+005 2.180479e+007 -3.033062e+005 401399
2.180424e+007 -4.029570e+005 2.180424e+007 -3.055319e+005 401400
2.180370e+007 -4.058131e+005 2.180370e+007 -3.077574e+005 401401
2.180315e+007 -4.086685e+005 2.180315e+007 -3.099824e+005 401402
2.180261e+007 -4.115236e+005 2.180261e+007 -3.122071e+005 401403
2.180207e+007 -4.143782e+005 2.180207e+007 -3.144315e+005 401404
2.180152e+007 -4.172327e+005 2.180153e+007 -3.166558e+005 401405
2.180098e+007 -4.200868e+005 2.180098e+007 -3.188797e+005 401406
2.180044e+007 -4.229406e+005 2.180044e+007 -3.211035e+005 401407
2.179935e+007 -4.286468e+005 2.179935e+007 -3.255498e+005 401409
2.179881e+007 -4.314990e+005 2.179881e+007 -3.277723e+005 401410
2.179827e+007 -4.343511e+005 2.179827e+007 -3.299947e+005 401411
2.179772e+007 -4.372027e+005 2.179772e+007 -3.322167e+005 401412
2.179718e+007 -4.400535e+005 2.179718e+007 -3.344382e+005 401413
2.179664e+007 -4.429042e+005 2.179664e+007 -3.366595e+005 401414
2.179610e+007 -4.457551e+005 2.179610e+007 -3.388810e+005 401415
2.179555e+007 -4.486052e+005 2.179556e+007 -3.411018e+005 401416
2.179501e+007 -4.514549e+005 2.179501e+007 -3.433224e+005 401417
2.179447e+007 -4.543043e+005 2.179447e+007 -3.455427e+005 401418
2.179393e+007 -4.571532e+005 2.179393e+007 -3.477626e+005 401419
2.179338e+007 -4.600016e+005 2.179339e+007 -3.499821e+005 401420
2.179284e+007 -4.628498e+005 2.179284e+007 -3.522015e+005 401421
2.179230e+007 -4.656979e+005 2.179230e+007 -3.544208e+005 401422
2.179176e+007 -4.685457e+005 2.179176e+007 -3.566398e+005 401423
2.179122e+007 -4.713932e+005 2.179122e+007 -3.588587e+005 401424
2.179068e+007 -4.742403e+005 2.179068e+007 -3.610772e+005 401425
2.179013e+007 -4.770870e+005 2.179014e+007 -3.632953e+005 401426
2.178959e+007 -4.799329e+005 2.178959e+007 -3.655130e+005 401427
2.178905e+007 -4.827787e+005 2.178905e+007 -3.677304e+005 401428
2.178851e+007 -4.856240e+005 2.178851e+007 -3.699476e+005 401429
2.178797e+007 -4.884687e+005 2.178797e+007 -3.721642e+005 401430
2.178743e+007 -4.913128e+005 2.178743e+007 -3.743804e+005 401431
2.178634e+007 -4.970005e+005 2.178635e+007 -3.788124e+005 401433
2.178580e+007 -4.998442e+005 2.178580e+007 -3.810282e+005 401434
2.178526e+007 -5.026873e+005 2.178526e+007 -3.832436e+005 401435
2.178418e+007 -5.083719e+005 2.178418e+007 -3.876732e+005 401437
2.178364e+007 -5.112139e+005 2.178364e+007 -3.898877e+005 401438
2.178310e+007 -5.140553e+005 2.178310e+007 -3.921018e+005 401439
2.178256e+007 -5.168961e+005 2.178256e+007 -3.943154e+005 401440
2.178202e+007 -5.197366e+005 2.178202e+007 -3.965288e+005 401441
2.178148e+007 -5.225770e+005 2.178148e+007 -3.987421e+005 401442
2.178094e+007 -5.254172e+005 2.178094e+007 -4.009552e+005 401443
2.178040e+007 -5.282567e+005 2.178040e+007 -4.031678e+005 401444
2.177986e+007 -5.310959e+005 2.177986e+007 -4.053802e+005 401445
2.177878e+007 -5.367726e+005 2.177878e+007 -4.098036e+005 401447
2.177824e+007 -5.396102e+005 2.177824e+007 -4.120146e+005 401448
2.177770e+007 -5.424473e+005 2.177770e+007 -4.142254e+005 401449
2.177716e+007 -5.452842e+005 2.177716e+007 -4.164360e+005 401450
2.177662e+007 -5.481210e+005 2.177662e+007 -4.186464e+005 401451
2.177608e+007 -5.509578e+005 2.177608e+007 -4.208569e+005 401452
2.177500e+007 -5.566296e+005 2.177500e+007 -4.252765e+005 401454
2.177446e+007 -5.594648e+005 2.177446e+007 -4.274858e+005 401455
2.177392e+007 -5.622995e+005 2.177392e+007 -4.296946e+005 401456
2.177284e+007 -5.679677e+005 2.177284e+007 -4.341114e+005 401458
2.177230e+007 -5.708017e+005 2.177230e+007 -4.363197e+005 401459
2.177176e+007 -5.736351e+005 2.177176e+007 -4.385275e+005 401460
2.177122e+007 -5.764683e+005 2.177122e+007 -4.407352e+005 401461
2.177068e+007 -5.793013e+005 2.177068e+007 -4.429427e+005 401462
2.177014e+007 -5.821340e+005 2.177015e+007 -4.451500e+005 401463
2.176960e+007 -5.849661e+005 2.176961e+007 -4.473568e+005 401464
2.176907e+007 -5.877975e+005 2.176907e+007 -4.495631e+005 401465
2.176853e+007 -5.906281e+005 2.176853e+007 -4.517688e+005 401466
2.176799e+007 -5.934589e+005 2.176799e+007 -4.539746e+005 401467
2.176745e+007 -5.962893e+005 2.176745e+007 -4.561801e+005 401468
2.176691e+007 -5.991191e+005 2.176691e+007 -4.583851e+005 401469
2.176637e+007 -6.019492e+005 2.176637e+007 -4.605905e+005 401470
2.176583e+007 -6.047794e+005 2.176584e+007 -4.627958e+005 401471
2.176530e+007 -6.076080e+005 2.176530e+007 -4.649999e+005 401472
2.176422e+007 -6.132629e+005 2.176422e+007 -4.694063e+005 401474
2.176368e+007 -6.160897e+005 2.176368e+007 -4.716090e+005 401475
2.176314e+007 -6.189162e+005 2.176315e+007 -4.738114e+005 401476
2.176261e+007 -6.217429e+005 2.176261e+007 -4.760141e+005 401477
2.176207e+007 -6.245694e+005 2.176207e+007 -4.782165e+005 401478
2.176153e+007 -6.273953e+005 2.176153e+007 -4.804186e+005 401479
2.176099e+007 -6.302209e+005 2.176099e+007 -4.826203e+005 401480
2.176046e+007 -6.330461e+005 2.176046e+007 -4.848218e+005 401481
2.175992e+007 -6.358709e+005 2.175992e+007 -4.870229e+005 401482
2.175938e+007 -6.386953e+005 2.175938e+007 -4.892237e+005 401483
2.175831e+007 -6.443431e+005 2.175831e+007 -4.936246e+005 401485
2.175777e+007 -6.471665e+005 2.175777e+007 -4.958247e+005 401486
2.175723e+007 -6.499894e+005 2.175723e+007 -4.980243e+005 401487
2.175669e+007 -6.528123e+005 2.175670e+007 -5.002239e+005 401488
2.175562e+007 -6.584570e+005 2.175562e+007 -5.046224e+005 401490
2.175508e+007 -6.612776e+005 2.175508e+007 -5.068203e+005 401491
2.175455e+007 -6.640986e+005 2.175455e+007 -5.090185e+005 401492
2.175401e+007 -6.669191e+005 2.175401e+007 -5.112163e+005 401493
2.175294e+007 -6.725593e+005 2.175294e+007 -5.156112e+005 401495
2.175240e+007 -6.753789e+005 2.175240e+007 -5.178083e+005 401496
2.175186e+007 -6.781982e+005 2.175186e+007 -5.200051e+005 401497
2.175133e+007 -6.810167e+005 2.175133e+007 -5.222014e+005 401498
2.175079e+007 -6.838347e+005 2.175079e+007 -5.243972e+005 401499
2.174972e+007 -6.894702e+005 2.174972e+007 -5.287885e+005 401501
2.174918e+007 -6.922873e+005 2.174918e+007 -5.309837e+005 401502
2.174865e+007 -6.951039e+005 2.174865e+007 -5.331784e+005 401503
2.174811e+007 -6.979204e+005 2.174811e+007 -5.353731e+005 401504
2.174757e+007 -7.007361e+005 2.174758e+007 -5.375671e+005 401505
2.174704e+007 -7.035513e+005 2.174704e+007 -5.397608e+005 401506
2.174650e+007 -7.063665e+005 2.174650e+007 -5.419545e+005 401507
2.174597e+007 -7.091809e+005 2.174597e+007 -5.441475e+005 401508
2.174543e+007 -7.119950e+005 2.174543e+007 -5.463403e+005 401509
2.174490e+007 -7.148092e+005 2.174490e+007 -5.485332e+005 401510
2.174436e+007 -7.176231e+005 2.174436e+007 -5.507258e+005 401511
2.174383e+007 -7.204363e+005 2.174383e+007 -5.529179e+005 401512
2.174329e+007 -7.232487e+005 2.174329e+007 -5.551094e+005 401513
2.174222e+007 -7.288731e+005 2.174222e+007 -5.594920e+005 401515
2.174168e+007 -7.316852e+005 2.174169e+007 -5.616833e+005 401516
2.174115e+007 -7.344966e+005 2.174115e+007 -5.638740e+005 401517
2.174061e+007 -7.373076e+005 2.174062e+007 -5.660644e+005 401518
2.174008e+007 -7.401182e+005 2.174008e+007 -5.682545e+005 401519
2.173954e+007 -7.429280e+005 2.173955e+007 -5.704439e+005 401520
2.173901e+007 -7.457375e+005 2.173901e+007 -5.726331e+005 401521
2.173848e+007 -7.485466e+005 2.173848e+007 -5.748220e+005 401522
2.173794e+007 -7.513553e+005 2.173794e+007 -5.770106e+005 401523
2.173741e+007 -7.541639e+005 2.173741e+007 -5.791991e+005 401524
2.173687e+007 -7.569727e+005 2.173687e+007 -5.813878e+005 401525
2.173634e+007 -7.597809e+005 2.173634e+007 -5.835760e+005 401526
2.173580e+007 -7.625889e+005 2.173581e+007 -5.857640e+005 401527
2.173527e+007 -7.653963e+005 2.173527e+007 -5.879516e+005 401528
2.173474e+007 -7.682032e+005 2.173474e+007 -5.901388e+005 401529
2.173420e+007 -7.710095e+005 2.173420e+007 -5.923255e+005 401530
2.173367e+007 -7.738153e+005 2.173367e+007 -5.945119e+005 401531
2.173313e+007 -7.766207e+005 2.173314e+007 -5.966979e+005 401532
2.173260e+007 -7.794258e+005 2.173260e+007 -5.988836e+005 401533
2.173207e+007 -7.822304e+005 2.173207e+007 -6.010691e+005 401534
2.173153e+007 -7.850346e+005 2.173153e+007 -6.032542e+005 401535
2.173100e+007 -7.878387e+005 2.173100e+007 -6.054392e+005 401536
2.173047e+007 -7.906420e+005 2.173047e+007 -6.076236e+005 401537
2.172993e+007 -7.934445e+005 2.172993e+007 -6.098073e+005 401538
2.172940e+007 -7.962470e+005 2.172940e+007 -6.119911e+005 401539
2.172887e+007 -7.990493e+005 2.172887e+007 -6.141747e+005 401540
2.172780e+007 -8.046533e+005 2.172780e+007 -6.185415e+005 401542
2.172727e+007 -8.074549e+005 2.172727e+007 -6.207245e+005 401543
2.172673e+007 -8.102558e+005 2.172673e+007 -6.229070e+005 401544
2.172620e+007 -8.130562e+005 2.172620e+007 -6.250892e+005 401545
2.172567e+007 -8.158562e+005 2.172567e+007 -6.272709e+005 401546
2.172513e+007 -8.186555e+005 2.172514e+007 -6.294523e+005 401547
2.172460e+007 -8.214546e+005 2.172460e+007 -6.316333e+005 401548
2.172407e+007 -8.242533e+005 2.172407e+007 -6.338142e+005 401549
2.172300e+007 -8.298502e+005 2.172301e+007 -6.381753e+005 401551
2.172247e+007 -8.326485e+005 2.172247e+007 -6.403559e+005 401552
2.172194e+007 -8.354462e+005 2.172194e+007 -6.425359e+005 401553
2.172141e+007 -8.382429e+005 2.172141e+007 -6.447151e+005 401554
2.172034e+007 -8.438350e+005 2.172034e+007 -6.490726e+005 401556
2.171981e+007 -8.466307e+005 2.171981e+007 -6.512511e+005 401557
2.171928e+007 -8.494260e+005 2.171928e+007 -6.534292e+005 401558
2.171822e+007 -8.550155e+005 2.171822e+007 -6.577846e+005 401560
2.171768e+007 -8.578097e+005 2.171769e+007 -6.599620e+005 401561
2.171715e+007 -8.606032e+005 2.171715e+007 -6.621387e+005 401562
2.171662e+007 -8.633963e+005 2.171662e+007 -6.643152e+005 401563
2.171609e+007 -8.661892e+005 2.171609e+007 -6.664914e+005 401564
2.171556e+007 -8.689819e+005 2.171556e+007 -6.686676e+005 401565
2.171503e+007 -8.717741e+005 2.171503e+007 -6.708433e+005 401566
2.171449e+007 -8.745662e+005 2.171450e+007 -6.730189e+005 401567
2.171396e+007 -8.773581e+005 2.171397e+007 -6.751944e+005 401568
2.171343e+007 -8.801497e+005 2.171343e+007 -6.773697e+005 401569
2.171290e+007 -8.829407e+005 2.171290e+007 -6.795445e+005 401570
2.171237e+007 -8.857311e+005 2.171237e+007 -6.817188e+005 401571
2.171131e+007 -8.913105e+005 2.171131e+007 -6.860664e+005 401573
2.171078e+007 -8.940996e+005 2.171078e+007 -6.882397e+005 401574
2.171025e+007 -8.968885e+005 2.171025e+007 -6.904129e+005 401575
2.170972e+007 -8.996768e+005 2.170972e+007 -6.925856e+005 401576
2.170919e+007 -9.024645e+005 2.170919e+007 -6.947578e+005 401577
2.170866e+007 -9.052526e+005 2.170866e+007 -6.969304e+005 401578
2.170812e+007 -9.080400e+005 2.170813e+007 -6.991024e+005 401579
2.170759e+007 -9.108266e+005 2.170760e+007 -7.012738e+005 401580
2.170706e+007 -9.136132e+005 2.170707e+007 -7.034452e+005 401581
2.170653e+007 -9.163992e+005 2.170654e+007 -7.056160e+005 401582
2.170600e+007 -9.191843e+005 2.170601e+007 -7.077862e+005 401583
2.170547e+007 -9.219688e+005 2.170548e+007 -7.099560e+005 401584
2.170494e+007 -9.247532e+005 2.170495e+007 -7.121256e+005 401585
2.170441e+007 -9.275373e+005 2.170442e+007 -7.142950e+005 401586
2.170336e+007 -9.331047e+005 2.170336e+007 -7.186333e+005 401588
2.170283e+007 -9.358881e+005 2.170283e+007 -7.208021e+005 401589
2.170230e+007 -9.386711e+005 2.170230e+007 -7.229707e+005 401590
2.170177e+007 -9.414537e+005 2.170177e+007 -7.251390e+005 401591
2.170124e+007 -9.442361e+005 2.170124e+007 -7.273071e+005 401592
2.170018e+007 -9.497999e+005 2.170018e+007 -7.316425e+005 401594
2.169965e+007 -9.525810e+005 2.169965e+007 -7.338096e+005 401595
2.169859e+007 -9.581423e+005 2.169859e+007 -7.381431e+005 401597
2.169806e+007 -9.609223e+005 2.169806e+007 -7.403093e+005 401598
2.169753e+007 -9.637019e+005 2.169753e+007 -7.424752e+005 401599
2.169700e+007 -9.664808e+005 2.169701e+007 -7.446406e+005 401600
2.169648e+007 -9.692589e+005 2.169648e+007 -7.468053e+005 401601
2.169595e+007 -9.720367e+005 2.169595e+007 -7.489698e+005 401602
2.169542e+007 -9.748143e+005 2.169542e+007 -7.511342e+005 401603
2.169489e+007 -9.775919e+005 2.169489e+007 -7.532985e+005 401604
2.169383e+007 -9.831460e+005 2.169383e+007 -7.576264e+005 401606
2.169330e+007 -9.859223e+005 2.169331e+007 -7.597897e+005 401607
2.169278e+007 -9.886979e+005 2.169278e+007 -7.619526e+005 401608
2.169225e+007 -9.914731e+005 2.169225e+007 -7.641151e+005 401609
2.169172e+007 -9.942484e+005 2.169172e+007 -7.662776e+005 401610
2.169119e+007 -9.970235e+005 2.169119e+007 -7.684401e+005 401611
2.169066e+007 -9.997981e+005 2.169067e+007 -7.706021e+005 401612
2.169014e+007 -1.002572e+006 2.169014e+007 -7.727637e+005 401613
2.168961e+007 -1.005346e+006 2.168961e+007 -7.749250e+005 401614
2.168908e+007 -1.008119e+006 2.168908e+007 -7.770859e+005 401615
2.168855e+007 -1.010892e+006 2.168855e+007 -7.792463e+005 401616
2.168803e+007 -1.013664e+006 2.168803e+007 -7.814068e+005 401617
2.168750e+007 -1.016436e+006 2.168750e+007 -7.835668e+005 401618
2.168644e+007 -1.021978e+006 2.168644e+007 -7.878853e+005 401620
2.168592e+007 -1.024749e+006 2.168592e+007 -7.900442e+005 401621
2.168539e+007 -1.027520e+006 2.168539e+007 -7.922032e+005 401622
2.168486e+007 -1.030290e+006 2.168486e+007 -7.943619e+005 401623
2.168433e+007 -1.033060e+006 2.168434e+007 -7.965201e+005 401624
2.168381e+007 -1.035829e+006 2.168381e+007 -7.986778e+005 401625
2.168328e+007 -1.038597e+006 2.168328e+007 -8.008352e+005 401626
2.168275e+007 -1.041366e+006 2.168276e+007 -8.029922e+005 401627
2.168223e+007 -1.044134e+006 2.168223e+007 -8.051491e+005 401628
2.168170e+007 -1.046901e+006 2.168170e+007 -8.073058e+005 401629
2.168117e+007 -1.049668e+006 2.168118e+007 -8.094620e+005 401630
2.168065e+007 -1.052435e+006 2.168065e+007 -8.116180e+005 401631
2.168012e+007 -1.055202e+006 2.168012e+007 -8.137738e+005 401632
2.167959e+007 -1.057968e+006 2.167960e+007 -8.159293e+005 401633
2.167907e+007 -1.060734e+006 2.167907e+007 -8.180842e+005 401634
2.167802e+007 -1.066263e+006 2.167802e+007 -8.223931e+005 401636
2.167749e+007 -1.069028e+006 2.167749e+007 -8.245471e+005 401637
2.167696e+007 -1.071792e+006 2.167697e+007 -8.267012e+005 401638
2.167644e+007 -1.074556e+006 2.167644e+007 -8.288550e+005 401639
2.167591e+007 -1.077320e+006 2.167591e+007 -8.310085e+005 401640
2.167539e+007 -1.080083e+006 2.167539e+007 -8.331616e+005 401641
2.167486e+007 -1.082846e+006 2.167486e+007 -8.353143e+005 401642
2.167381e+007 -1.088368e+006 2.167381e+007 -8.396178e+005 401644
2.167328e+007 -1.091129e+006 2.167329e+007 -8.417690e+005 401645
2.167276e+007 -1.093890e+006 2.167276e+007 -8.439205e+005 401646
2.167223e+007 -1.096651e+006 2.167224e+007 -8.460716e+005 401647
2.167171e+007 -1.099411e+006 2.167171e+007 -8.482223e+005 401648
2.167118e+007 -1.102171e+006 2.167118e+007 -8.503728e+005 401649
2.167066e+007 -1.104930e+006 2.167066e+007 -8.525229e+005 401650
2.167013e+007 -1.107689e+006 2.167013e+007 -8.546725e+005 401651
2.166961e+007 -1.110447e+006 2.166961e+007 -8.568219e+005 401652
2.166908e+007 -1.113205e+006 2.166908e+007 -8.589713e+005 401653
2.166803e+007 -1.118720e+006 2.166804e+007 -8.632686e+005 401655
2.166698e+007 -1.124234e+006 2.166699e+007 -8.675649e+005 401657
2.166646e+007 -1.126990e+006 2.166646e+007 -8.697125e+005 401658
2.166594e+007 -1.129746e+006 2.166594e+007 -8.718598e+005 401659
2.166541e+007 -1.132501e+006 2.166541e+007 -8.740071e+005 401660
2.166489e+007 -1.135257e+006 2.166489e+007 -8.761541e+005 401661
2.166436e+007 -1.138011e+006 2.166436e+007 -8.783003e+005 401662
2.166331e+007 -1.143519e+006 2.166332e+007 -8.825919e+005 401664
2.166279e+007 -1.146271e+006 2.166279e+007 -8.847370e+005 401665
2.166227e+007 -1.149024e+006 2.166227e+007 -8.868818e+005 401666
2.166174e+007 -1.151776e+006 2.166175e+007 -8.890265e+005 401667
2.166122e+007 -1.154528e+006 2.166122e+007 -8.911709e+005 401668
2.166070e+007 -1.157280e+006 2.166070e+007 -8.933152e+005 401669
2.166017e+007 -1.160032e+006 2.166017e+007 -8.954596e+005 401670
2.165965e+007 -1.162784e+006 2.165965e+007 -8.976036e+005 401671
2.165913e+007 -1.165534e+006 2.165913e+007 -8.997470e+005 401672
2.165860e+007 -1.168284e+006 2.165860e+007 -9.018899e+005 401673
2.165808e+007 -1.171034e+006 2.165808e+007 -9.040326e+005 401674
2.165756e+007 -1.173784e+006 2.165756e+007 -9.061753e+005 401675
2.165703e+007 -1.176533e+006 2.165703e+007 -9.083177e+005 401676
2.165651e+007 -1.179282e+006 2.165651e+007 -9.104598e+005 401677
2.165599e+007 -1.182031e+006 2.165599e+007 -9.126014e+005 401678
2.165546e+007 -1.184779e+006 2.165546e+007 -9.147428e+005 401679
2.165494e+007 -1.187527e+006 2.165494e+007 -9.168838e+005 401680
2.165442e+007 -1.190274e+006 2.165442e+007 -9.190244e+005 401681
2.165389e+007 -1.193021e+006 2.165390e+007 -9.211648e+005 401682
2.165337e+007 -1.195767e+006 2.165337e+007 -9.233047e+005 401683
2.165285e+007 -1.198512e+006 2.165285e+007 -9.254439e+005 401684
2.165233e+007 -1.201258e+006 2.165233e+007 -9.275832e+005 401685
2.165180e+007 -1.204003e+006 2.165181e+007 -9.297224e+005 401686
2.165128e+007 -1.206747e+006 2.165128e+007 -9.318607e+005 401687
2.165076e+007 -1.209491e+006 2.165076e+007 -9.339989e+005 401688
2.165024e+007 -1.212235e+006 2.165024e+007 -9.361368e+005 401689
2.164972e+007 -1.214978e+006 2.164972e+007 -9.382742e+005 401690
2.164919e+007 -1.217720e+006 2.164920e+007 -9.404113e+005 401691
2.164867e+007 -1.220463e+006 2.164867e+007 -9.425483e+005 401692
2.164815e+007 -1.223205e+006 2.164815e+007 -9.446851e+005 401693
2.164763e+007 -1.225947e+006 2.164763e+007 -9.468215e+005 401694
2.164711e+007 -1.228688e+006 2.164711e+007 -9.489578e+005 401695
2.164659e+007 -1.231430e+006 2.164659e+007 -9.510940e+005 401696
2.164606e+007 -1.234171e+006 2.164607e+007 -9.532301e+005 401697
2.164554e+007 -1.236911e+006 2.164554e+007 -9.553654e+005 401698
2.164502e+007 -1.239651e+006 2.164502e+007 -9.575002e+005 401699
2.164450e+007 -1.242390e+006 2.164450e+007 -9.596346e+005 401700
2.164398e+007 -1.245129e+006 2.164398e+007 -9.617687e+005 401701
2.164346e+007 -1.247868e+006 2.164346e+007 -9.639027e+005 401702
2.164294e+007 -1.250606e+006 2.164294e+007 -9.660365e+005 401703
2.164242e+007 -1.253344e+006 2.164242e+007 -9.681702e+005 401704
2.164189e+007 -1.256082e+006 2.164190e+007 -9.703035e+005 401705
2.164085e+007 -1.261556e+006 2.164085e+007 -9.745690e+005 401707
2.164033e+007 -1.264292e+006 2.164033e+007 -9.767012e+005 401708
2.163981e+007 -1.267028e+006 2.163981e+007 -9.788330e+005 401709
2.163929e+007 -1.269764e+006 2.163929e+007 -9.809648e+005 401710
2.163877e+007 -1.272500e+006 2.163877e+007 -9.830964e+005 401711
2.163825e+007 -1.275235e+006 2.163825e+007 -9.852275e+005 401712
2.163773e+007 -1.277969e+006 2.163773e+007 -9.873579e+005 401713
2.163721e+007 -1.280702e+006 2.163721e+007 -9.894882e+005 401714
2.163669e+007 -1.283436e+006 2.163669e+007 -9.916181e+005 401715
2.163617e+007 -1.286169e+006 2.163617e+007 -9.937479e+005 401716
2.163565e+007 -1.288902e+006 2.163565e+007 -9.958776e+005 401717
2.163513e+007 -1.291635e+006 2.163513e+007 -9.980068e+005 401718
2.163461e+007 -1.294366e+006 2.163461e+007 -1.000135e+006 401719
2.163409e+007 -1.297098e+006 2.163409e+007 -1.002264e+006 401720
2.163305e+007 -1.302559e+006 2.163305e+007 -1.006519e+006 401722
2.163253e+007 -1.305289e+006 2.163253e+007 -1.008647e+006 401723
2.163201e+007 -1.308020e+006 2.163201e+007 -1.010774e+006 401724
2.163149e+007 -1.310749e+006 2.163149e+007 -1.012901e+006 401725
2.163097e+007 -1.313479e+006 2.163097e+007 -1.015028e+006 401726
2.162993e+007 -1.318936e+006 2.162994e+007 -1.019281e+006 401728
2.162941e+007 -1.321664e+006 2.162942e+007 -1.021406e+006 401729
2.162838e+007 -1.327118e+006 2.162838e+007 -1.025656e+006 401731
2.162786e+007 -1.329845e+006 2.162786e+007 -1.027781e+006 401732
2.162734e+007 -1.332571e+006 2.162734e+007 -1.029905e+006 401733
2.162682e+007 -1.335297e+006 2.162682e+007 -1.032029e+006 401734
2.162630e+007 -1.338023e+006 2.162630e+007 -1.034153e+006 401735
2.162578e+007 -1.340748e+006 2.162578e+007 -1.036277e+006 401736
2.162526e+007 -1.343472e+006 2.162527e+007 -1.038399e+006 401737
2.162475e+007 -1.346196e+006 2.162475e+007 -1.040522e+006 401738
2.162423e+007 -1.348920e+006 2.162423e+007 -1.042645e+006 401739
2.162371e+007 -1.351643e+006 2.162371e+007 -1.044767e+006 401740
2.162319e+007 -1.354366e+006 2.162319e+007 -1.046888e+006 401741
2.162267e+007 -1.357089e+006 2.162268e+007 -1.049010e+006 401742
2.162216e+007 -1.359812e+006 2.162216e+007 -1.051132e+006 401743
2.162164e+007 -1.362534e+006 2.162164e+007 -1.053253e+006 401744
2.162112e+007 -1.365256e+006 2.162112e+007 -1.055374e+006 401745
2.162060e+007 -1.367977e+006 2.162060e+007 -1.057494e+006 401746
2.162008e+007 -1.370697e+006 2.162009e+007 -1.059614e+006 401747
2.161957e+007 -1.373418e+006 2.161957e+007 -1.061734e+006 401748
2.161905e+007 -1.376137e+006 2.161905e+007 -1.063853e+006 401749
2.161853e+007 -1.378857e+006 2.161853e+007 -1.065972e+006 401750
2.161801e+007 -1.381577e+006 2.161802e+007 -1.068091e+006 401751
2.161698e+007 -1.387014e+006 2.161698e+007 -1.072328e+006 401753
2.161646e+007 -1.389733e+006 2.161646e+007 -1.074447e+006 401754
2.161594e+007 -1.392450e+006 2.161595e+007 -1.076564e+006 401755
2.161543e+007 -1.395168e+006 2.161543e+007 -1.078682e+006 401756
2.161491e+007 -1.397884e+006 2.161491e+007 -1.080798e+006 401757
2.161439e+007 -1.400599e+006 2.161440e+007 -1.082914e+006 401758
2.161388e+007 -1.403315e+006 2.161388e+007 -1.085030e+006 401759
2.161336e+007 -1.406030e+006 2.161336e+007 -1.087146e+006 401760
2.161284e+007 -1.408745e+006 2.161285e+007 -1.089261e+006 401761
2.161233e+007 -1.411459e+006 2.161233e+007 -1.091377e+006 401762
2.161181e+007 -1.414174e+006 2.161181e+007 -1.093492e+006 401763
2.161078e+007 -1.419601e+006 2.161078e+007 -1.097721e+006 401765
2.161026e+007 -1.422314e+006 2.161026e+007 -1.099835e+006 401766
2.160975e+007 -1.425027e+006 2.160975e+007 -1.101948e+006 401767
2.160923e+007 -1.427739e+006 2.160923e+007 -1.104062e+006 401768
2.160871e+007 -1.430451e+006 2.160871e+007 -1.106175e+006 401769
2.160820e+007 -1.433163e+006 2.160820e+007 -1.108288e+006 401770
2.160768e+007 -1.435874e+006 2.160768e+007 -1.110401e+006 401771
2.160717e+007 -1.438585e+006 2.160717e+007 -1.112514e+006 401772
2.160665e+007 -1.441296e+006 2.160665e+007 -1.114626e+006 401773
2.160613e+007 -1.444006e+006 2.160614e+007 -1.116738e+006 401774
2.160562e+007 -1.446716e+006 2.160562e+007 -1.118849e+006 401775
2.160510e+007 -1.449425e+006 2.160510e+007 -1.120960e+006 401776
2.160459e+007 -1.452134e+006 2.160459e+007 -1.123071e+006 401777
2.160407e+007 -1.454842e+006 2.160407e+007 -1.125181e+006 401778
2.160356e+007 -1.457550e+006 2.160356e+007 -1.127291e+006 401779
2.160304e+007 -1.460257e+006 2.160304e+007 -1.129401e+006 401780
2.160253e+007 -1.462964e+006 2.160253e+007 -1.131510e+006 401781
2.160150e+007 -1.468377e+006 2.160150e+007 -1.135728e+006 401783
2.160098e+007 -1.471082e+006 2.160098e+007 -1.137835e+006 401784
2.160047e+007 -1.473786e+006 2.160047e+007 -1.139943e+006 401785
2.159995e+007 -1.476490e+006 2.159995e+007 -1.142050e+006 401786
2.159944e+007 -1.479194e+006 2.159944e+007 -1.144157e+006 401787
2.159892e+007 -1.481898e+006 2.159892e+007 -1.146264e+006 401788
2.159841e+007 -1.484602e+006 2.159841e+007 -1.148371e+006 401789
2.159789e+007 -1.487306e+006 2.159790e+007 -1.150477e+006 401790
2.159738e+007 -1.490009e+006 2.159738e+007 -1.152584e+006 401791
2.159687e+007 -1.492712e+006 2.159687e+007 -1.154690e+006 401792
2.159635e+007 -1.495414e+006 2.159635e+007 -1.156796e+006 401793
2.159584e+007 -1.498116e+006 2.159584e+007 -1.158901e+006 401794
2.159532e+007 -1.500818e+006 2.159532e+007 -1.161006e+006 401795
2.159481e+007 -1.503519e+006 2.159481e+007 -1.163111e+006 401796
2.159429e+007 -1.506219e+006 2.159430e+007 -1.165215e+006 401797
2.159378e+007 -1.508919e+006 2.159378e+007 -1.167319e+006 401798
2.159327e+007 -1.511619e+006 2.159327e+007 -1.169423e+006 401799
2.159275e+007 -1.514319e+006 2.159276e+007 -1.171527e+006 401800
2.159224e+007 -1.517018e+006 2.159224e+007 -1.173630e+006 401801
2.159173e+007 -1.519717e+006 2.159173e+007 -1.175733e+006 401802
2.159121e+007 -1.522415e+006 2.159121e+007 -1.177835e+006 401803
2.159070e+007 -1.525113e+006 2.159070e+007 -1.179938e+006 401804
2.159019e+007 -1.527811e+006 2.159019e+007 -1.182040e+006 401805
2.158967e+007 -1.530508e+006 2.158967e+007 -1.184141e+006 401806
2.158916e+007 -1.533204e+006 2.158916e+007 -1.186242e+006 401807
2.158865e+007 -1.535900e+006 2.158865e+007 -1.188343e+006 401808
2.158813e+007 -1.538596e+006 2.158814e+007 -1.190444e+006 401809
2.158762e+007 -1.541291e+006 2.158762e+007 -1.192544e+006 401810
2.158711e+007 -1.543986e+006 2.158711e+007 -1.194644e+006 401811
2.158660e+007 -1.546681e+006 2.158660e+007 -1.196744e+006 401812
2.158608e+007 -1.549374e+006 2.158608e+007 -1.198843e+006 401813
2.158557e+007 -1.552068e+006 2.158557e+007 -1.200942e+006 401814
2.158506e+007 -1.554762e+006 2.158506e+007 -1.203040e+006 401815
2.158455e+007 -1.557455e+006 2.158455e+007 -1.205139e+006 401816
2.158403e+007 -1.560147e+006 2.158403e+007 -1.207237e+006 401817
2.158352e+007 -1.562840e+006 2.158352e+007 -1.209335e+006 401818
2.158301e+007 -1.565532e+006 2.158301e+007 -1.211433e+006 401819
2.158250e+007 -1.568223e+006 2.158250e+007 -1.213530e+006 401820
2.158198e+007 -1.570914e+006 2.158199e+007 -1.215627e+006 401821
2.158147e+007 -1.573604e+006 2.158147e+007 -1.217723e+006 401822
2.158096e+007 -1.576294e+006 2.158096e+007 -1.219819e+006 401823
2.158045e+007 -1.578984e+006 2.158045e+007 -1.221915e+006 401824
2.157994e+007 -1.581673e+006 2.157994e+007 -1.224010e+006 401825
2.157943e+007 -1.584361e+006 2.157943e+007 -1.226105e+006 401826
2.157891e+007 -1.587049e+006 2.157892e+007 -1.228200e+006 401827
2.157840e+007 -1.589738e+006 2.157840e+007 -1.230295e+006 401828
2.157738e+007 -1.595114e+006 2.157738e+007 -1.234484e+006 401830
2.157687e+007 -1.597800e+006 2.157687e+007 -1.236577e+006 401831
2.157636e+007 -1.600487e+006 2.157636e+007 -1.238671e+006 401832
2.157585e+007 -1.603174e+006 2.157585e+007 -1.240764e+006 401833
2.157533e+007 -1.605859e+006 2.157534e+007 -1.242857e+006 401834
2.157482e+007 -1.608545e+006 2.157482e+007 -1.244949e+006 401835
2.157431e+007 -1.611229e+006 2.157431e+007 -1.247041e+006 401836
2.157380e+007 -1.613914e+006 2.157380e+007 -1.249133e+006 401837
2.157278e+007 -1.619282e+006 2.157278e+007 -1.253316e+006 401839
2.157227e+007 -1.621965e+006 2.157227e+007 -1.255407e+006 401840
2.157176e+007 -1.624648e+006 2.157176e+007 -1.257498e+006 401841
2.157125e+007 -1.627331e+006 2.157125e+007 -1.259588e+006 401842
2.157074e+007 -1.630013e+006 2.157074e+007 -1.261678e+006 401843
2.157023e+007 -1.632695e+006 2.157023e+007 -1.263768e+006 401844
2.156972e+007 -1.635376e+006 2.156972e+007 -1.265857e+006 401845
2.156921e+007 -1.638058e+006 2.156921e+007 -1.267946e+006 401846
2.156870e+007 -1.640738e+006 2.156870e+007 -1.270035e+006 401847
2.156819e+007 -1.643418e+006 2.156819e+007 -1.272123e+006 401848
2.156768e+007 -1.646097e+006 2.156768e+007 -1.274211e+006 401849
2.156666e+007 -1.651455e+006 2.156666e+007 -1.278386e+006 401851
2.156615e+007 -1.654133e+006 2.156615e+007 -1.280473e+006 401852
2.156564e+007 -1.656812e+006 2.156564e+007 -1.282560e+006 401853
2.156513e+007 -1.659489e+006 2.156513e+007 -1.284646e+006 401854
2.156462e+007 -1.662166e+006 2.156462e+007 -1.286732e+006 401855
2.156411e+007 -1.664842e+006 2.156411e+007 -1.288818e+006 401856
2.156360e+007 -1.667519e+006 2.156360e+007 -1.290903e+006 401857
2.156309e+007 -1.670194e+006 2.156309e+007 -1.292988e+006 401858
2.156258e+007 -1.672869e+006 2.156258e+007 -1.295072e+006 401859
2.156207e+007 -1.675545e+006 2.156208e+007 -1.297157e+006 401860
2.156156e+007 -1.678220e+006 2.156157e+007 -1.299242e+006 401861
2.156106e+007 -1.680894e+006 2.156106e+007 -1.301326e+006 401862
2.156055e+007 -1.683568e+006 2.156055e+007 -1.303409e+006 401863
2.156004e+007 -1.686242e+006 2.156004e+007 -1.305493e+006 401864
2.155953e+007 -1.688915e+006 2.155953e+007 -1.307575e+006 401865
2.155902e+007 -1.691588e+006 2.155902e+007 -1.309658e+006 401866
2.155851e+007 -1.694260e+006 2.155851e+007 -1.311740e+006 401867
2.155800e+007 -1.696932e+006 2.155801e+007 -1.313822e+006 401868
2.155750e+007 -1.699603e+006 2.155750e+007 -1.315904e+006 401869
2.155699e+007 -1.702274e+006 2.155699e+007 -1.317985e+006 401870
2.155648e+007 -1.704944e+006 2.155648e+007 -1.320066e+006 401871
2.155597e+007 -1.707614e+006 2.155597e+007 -1.322146e+006 401872
2.155495e+007 -1.712953e+006 2.155496e+007 -1.326307e+006 401874
2.155445e+007 -1.715622e+006 2.155445e+007 -1.328386e+006 401875
2.155394e+007 -1.718291e+006 2.155394e+007 -1.330466e+006 401876
2.155343e+007 -1.720959e+006 2.155343e+007 -1.332545e+006 401877
2.155242e+007 -1.726295e+006 2.155242e+007 -1.336703e+006 401879
2.155191e+007 -1.728962e+006 2.155191e+007 -1.338781e+006 401880
2.155140e+007 -1.731629e+006 2.155140e+007 -1.340859e+006 401881
2.155039e+007 -1.736961e+006 2.155039e+007 -1.345014e+006 401883
2.154988e+007 -1.739626e+006 2.154988e+007 -1.347091e+006 401884
2.154937e+007 -1.742291e+006 2.154937e+007 -1.349167e+006 401885
2.154887e+007 -1.744955e+006 2.154887e+007 -1.351243e+006 401886
2.154836e+007 -1.747619e+006 2.154836e+007 -1.353319e+006 401887
2.154785e+007 -1.750283e+006 2.154785e+007 -1.355394e+006 401888
2.154734e+007 -1.752946e+006 2.154735e+007 -1.357470e+006 401889
2.154684e+007 -1.755609e+006 2.154684e+007 -1.359545e+006 401890
2.154633e+007 -1.758271e+006 2.154633e+007 -1.361619e+006 401891
2.154582e+007 -1.760933e+006 2.154583e+007 -1.363693e+006 401892
2.154532e+007 -1.763595e+006 2.154532e+007 -1.365767e+006 401893
2.154481e+007 -1.766256e+006 2.154481e+007 -1.367841e+006 401894
2.154431e+007 -1.768917e+006 2.154431e+007 -1.369914e+006 401895
2.154380e+007 -1.771577e+006 2.154380e+007 -1.371987e+006 401896
2.154329e+007 -1.774237e+006 2.154329e+007 -1.374060e+006 401897
2.154279e+007 -1.776896e+006 2.154279e+007 -1.376132e+006 401898
2.154228e+007 -1.779556e+006 2.154228e+007 -1.378205e+006 401899
2.154177e+007 -1.782215e+006 2.154178e+007 -1.380276e+006 401900
2.154127e+007 -1.784873e+006 2.154127e+007 -1.382348e+006 401901
2.154076e+007 -1.787531e+006 2.154076e+007 -1.384419e+006 401902
2.154026e+007 -1.790188e+006 2.154026e+007 -1.386490e+006 401903
2.153975e+007 -1.792846e+006 2.153975e+007 -1.388560e+006 401904
2.153925e+007 -1.795503e+006 2.153925e+007 -1.390631e+006 401905
2.153874e+007 -1.798160e+006 2.153874e+007 -1.392701e+006 401906
2.153824e+007 -1.800816e+006 2.153824e+007 -1.394771e+006 401907
2.153722e+007 -1.806127e+006 2.153723e+007 -1.398909e+006 401909
2.153672e+007 -1.808781e+006 2.153672e+007 -1.400978e+006 401910
2.153621e+007 -1.811435e+006 2.153622e+007 -1.403046e+006 401911
2.153571e+007 -1.814089e+006 2.153571e+007 -1.405114e+006 401912
2.153520e+007 -1.816742e+006 2.153521e+007 -1.407181e+006 401913
2.153470e+007 -1.819395e+006 2.153470e+007 -1.409248e+006 401914
2.153419e+007 -1.822048e+006 2.153420e+007 -1.411315e+006 401915
2.153369e+007 -1.824700e+006 2.153369e+007 -1.413382e+006 401916
2.153319e+007 -1.827352e+006 2.153319e+007 -1.415448e+006 401917
2.153268e+007 -1.830003e+006 2.153268e+007 -1.417514e+006 401918
2.153218e+007 -1.832654e+006 2.153218e+007 -1.419580e+006 401919
2.153167e+007 -1.835305e+006 2.153167e+007 -1.421645e+006 401920
2.153117e+007 -1.837955e+006 2.153117e+007 -1.423710e+006 401921
2.153066e+007 -1.840605e+006 2.153067e+007 -1.425775e+006 401922
2.153016e+007 -1.843254e+006 2.153016e+007 -1.427839e+006 401923
2.152966e+007 -1.845903e+006 2.152966e+007 -1.429904e+006 401924
2.152915e+007 -1.848551e+006 2.152915e+007 -1.431967e+006 401925
2.152865e+007 -1.851200e+006 2.152865e+007 -1.434031e+006 401926
2.152814e+007 -1.853847e+006 2.152815e+007 -1.436094e+006 401927
2.152764e+007 -1.856493e+006 2.152764e+007 -1.438156e+006 401928
2.152714e+007 -1.859140e+006 2.152714e+007 -1.440218e+006 401929
2.152663e+007 -1.861786e+006 2.152663e+007 -1.442280e+006 401930
2.152613e+007 -1.864432e+006 2.152613e+007 -1.444342e+006 401931
2.152512e+007 -1.869723e+006 2.152512e+007 -1.448465e+006 401933
2.152462e+007 -1.872369e+006 2.152462e+007 -1.450526e+006 401934
2.152412e+007 -1.875013e+006 2.152412e+007 -1.452587e+006 401935
2.152361e+007 -1.877656e+006 2.152361e+007 -1.454646e+006 401936
2.152311e+007 -1.880300e+006 2.152311e+007 -1.456706e+006 401937
2.152261e+007 -1.882943e+006 2.152261e+007 -1.458766e+006 401938
2.152210e+007 -1.885586e+006 2.152211e+007 -1.460825e+006 401939
2.152160e+007 -1.888229e+006 2.152160e+007 -1.462885e+006 401940
2.152110e+007 -1.890871e+006 2.152110e+007 -1.464944e+006 401941
2.152060e+007 -1.893513e+006 2.152060e+007 -1.467002e+006 401942
2.152009e+007 -1.896154e+006 2.152009e+007 -1.469061e+006 401943
2.151959e+007 -1.898796e+006 2.151959e+007 -1.471119e+006 401944
2.151909e+007 -1.901436e+006 2.151909e+007 -1.473176e+006 401945
2.151858e+007 -1.904077e+006 2.151859e+007 -1.475234e+006 401946
2.151808e+007 -1.906716e+006 2.151808e+007 -1.477291e+006 401947
2.151758e+007 -1.909356e+006 2.151758e+007 -1.479347e+006 401948
2.151708e+007 -1.911994e+006 2.151708e+007 -1.481403e+006 401949
2.151658e+007 -1.914632e+006 2.151658e+007 -1.483458e+006 401950
2.151607e+007 -1.917269e+006 2.151608e+007 -1.485514e+006 401951
2.151557e+007 -1.919906e+006 2.151557e+007 -1.487568e+006 401952
2.151507e+007 -1.922543e+006 2.151507e+007 -1.489623e+006 401953
2.151457e+007 -1.925179e+006 2.151457e+007 -1.491677e+006 401954
2.151407e+007 -1.927814e+006 2.151407e+007 -1.493731e+006 401955
2.151357e+007 -1.930450e+006 2.151357e+007 -1.495784e+006 401956
2.151306e+007 -1.933085e+006 2.151307e+007 -1.497838e+006 401957
2.151256e+007 -1.935720e+006 2.151256e+007 -1.499891e+006 401958
2.151206e+007 -1.938355e+006 2.151206e+007 -1.501944e+006 401959
2.151156e+007 -1.940988e+006 2.151156e+007 -1.503996e+006 401960
2.151106e+007 -1.943622e+006 2.151106e+007 -1.506048e+006 401961
2.151056e+007 -1.946254e+006 2.151056e+007 -1.508099e+006 401962
2.151006e+007 -1.948886e+006 2.151006e+007 -1.510150e+006 401963
2.150956e+007 -1.951518e+006 2.150956e+007 -1.512201e+006 401964
2.150906e+007 -1.954146e+006 2.150906e+007 -1.514249e+006 401965
2.150856e+007 -1.956769e+006 2.150856e+007 -1.516293e+006 401966
2.150806e+007 -1.959393e+006 2.150806e+007 -1.518338e+006 401967
2.150756e+007 -1.962019e+006 2.150756e+007 -1.520383e+006 401968
2.150706e+007 -1.964645e+006 2.150706e+007 -1.522430e+006 401969
2.150656e+007 -1.967272e+006 2.150656e+007 -1.524477e+006 401970
2.150606e+007 -1.969899e+006 2.150606e+007 -1.526524e+006 401971
2.150556e+007 -1.972527e+006 2.150556e+007 -1.528572e+006 401972
2.150506e+007 -1.975155e+006 2.150506e+007 -1.530619e+006 401973
2.150456e+007 -1.977783e+006 2.150456e+007 -1.532667e+006 401974
2.150406e+007 -1.980412e+006 2.150406e+007 -1.534716e+006 401975
2.150306e+007 -1.985669e+006 2.150306e+007 -1.538812e+006 401977
2.150256e+007 -1.988296e+006 2.150256e+007 -1.540859e+006 401978
2.150206e+007 -1.990924e+006 2.150206e+007 -1.542907e+006 401979
2.150156e+007 -1.993550e+006 2.150156e+007 -1.544953e+006 401980
2.150106e+007 -1.996176e+006 2.150106e+007 -1.546999e+006 401981
2.150056e+007 -1.998802e+006 2.150056e+007 -1.549045e+006 401982
2.150006e+007 -2.001427e+006 2.150006e+007 -1.551091e+006 401983
2.149956e+007 -2.004051e+006 2.149956e+007 -1.553136e+006 401984
2.149906e+007 -2.006675e+006 2.149906e+007 -1.555180e+006 401985
2.149856e+007 -2.009299e+006 2.149856e+007 -1.557225e+006 401986
2.149806e+007 -2.011922e+006 2.149806e+007 -1.559269e+006 401987
2.149756e+007 -2.014544e+006 2.149756e+007 -1.561312e+006 401988
2.149706e+007 -2.017166e+006 2.149707e+007 -1.563356e+006 401989
2.149657e+007 -2.019788e+006 2.149657e+007 -1.565398e+006 401990
2.149607e+007 -2.022409e+006 2.149607e+007 -1.567441e+006 401991
2.149557e+007 -2.025030e+006 2.149557e+007 -1.569483e+006 401992
2.149507e+007 -2.027650e+006 2.149507e+007 -1.571525e+006 401993
2.149457e+007 -2.030270e+006 2.149457e+007 -1.573566e+006 401994
2.149407e+007 -2.032889e+006 2.149407e+007 -1.575607e+006 401995
2.149357e+007 -2.035508e+006 2.149358e+007 -1.577648e+006 401996
2.149308e+007 -2.038127e+006 2.149308e+007 -1.579688e+006 401997
2.149258e+007 -2.040745e+006 2.149258e+007 -1.581728e+006 401998
2.149208e+007 -2.043363e+006 2.149208e+007 -1.583769e+006 401999
2.149158e+007 -2.045981e+006 2.149158e+007 -1.585809e+006 402000
2.149108e+007 -2.048599e+006 2.149108e+007 -1.587848e+006 402001
2.149058e+007 -2.051216e+006 2.149059e+007 -1.589887e+006 402002
2.149009e+007 -2.053832e+006 2.149009e+007 -1.591926e+006 402003
2.148959e+007 -2.056448e+006 2.148959e+007 -1.593965e+006 402004
2.148909e+007 -2.059064e+006 2.148909e+007 -1.596003e+006 402005
2.148859e+007 -2.061679e+006 2.148860e+007 -1.598041e+006 402006
2.148810e+007 -2.064294e+006 2.148810e+007 -1.600078e+006 402007
2.148760e+007 -2.066909e+006 2.148760e+007 -1.602116e+006 402008
2.148710e+007 -2.069523e+006 2.148710e+007 -1.604153e+006 402009
2.148660e+007 -2.072136e+006 2.148661e+007 -1.606189e+006 402010
2.148611e+007 -2.074749e+006 2.148611e+007 -1.608225e+006 402011
2.148561e+007 -2.077362e+006 2.148561e+007 -1.610261e+006 402012
2.148511e+007 -2.079974e+006 2.148511e+007 -1.612296e+006 402013
2.148462e+007 -2.082585e+006 2.148462e+007 -1.614331e+006 402014
2.148412e+007 -2.085196e+006 2.148412e+007 -1.616365e+006 402015
2.148362e+007 -2.087806e+006 2.148362e+007 -1.618399e+006 402016
2.148313e+007 -2.090416e+006 2.148313e+007 -1.620433e+006 402017
2.148263e+007 -2.093027e+006 2.148263e+007 -1.622467e+006 402018
2.148213e+007 -2.095637e+006 2.148213e+007 -1.624501e+006 402019
2.148164e+007 -2.098246e+006 2.148164e+007 -1.626534e+006 402020
2.148114e+007 -2.100855e+006 2.148114e+007 -1.628567e+006 402021
2.148064e+007 -2.103464e+006 2.148064e+007 -1.630600e+006 402022
2.148015e+007 -2.106072e+006 2.148015e+007 -1.632632e+006 402023
2.147965e+007 -2.108679e+006 2.147965e+007 -1.634664e+006 402024
2.147915e+007 -2.111286e+006 2.147915e+007 -1.636696e+006 402025
2.147866e+007 -2.113893e+006 2.147866e+007 -1.638727e+006 402026
2.147816e+007 -2.116499e+006 2.147816e+007 -1.640758e+006 402027
2.147767e+007 -2.119105e+006 2.147767e+007 -1.642788e+006 402028
2.147717e+007 -2.121711e+006 2.147717e+007 -1.644818e+006 402029
2.147667e+007 -2.124315e+006 2.147668e+007 -1.646848e+006 402030
2.147618e+007 -2.126920e+006 2.147618e+007 -1.648877e+006 402031
2.147568e+007 -2.129524e+006 2.147568e+007 -1.650907e+006 402032
2.147519e+007 -2.132128e+006 2.147519e+007 -1.652935e+006 402033
2.147469e+007 -2.134731e+006 2.147469e+007 -1.654964e+006 402034
2.147420e+007 -2.137334e+006 2.147420e+007 -1.656992e+006 402035
2.147370e+007 -2.139937e+006 2.147370e+007 -1.659020e+006 402036
2.147321e+007 -2.142539e+006 2.147321e+007 -1.661048e+006 402037
2.147271e+007 -2.145141e+006 2.147271e+007 -1.663076e+006 402038
2.147222e+007 -2.147742e+006 2.147222e+007 -1.665103e+006 402039
2.147172e+007 -2.150343e+006 2.147172e+007 -1.667129e+006 402040
2.147123e+007 -2.152944e+006 2.147123e+007 -1.669156e+006 402041
2.147073e+007 -2.155544e+006 2.147073e+007 -1.671182e+006 402042
2.147024e+007 -2.158144e+006 2.147024e+007 -1.673208e+006 402043
2.146974e+007 -2.160743e+006 2.146974e+007 -1.675233e+006 402044
2.146925e+007 -2.163342e+006 2.146925e+007 -1.677258e+006 402045
2.146875e+007 -2.165941e+006 2.146875e+007 -1.679283e+006 402046
2.146826e+007 -2.168539e+006 2.146826e+007 -1.681308e+006 402047
2.146776e+007 -2.171137e+006 2.146777e+007 -1.683332e+006 402048
2.146727e+007 -2.173734e+006 2.146727e+007 -1.685356e+006 402049
2.146678e+007 -2.176331e+006 2.146678e+007 -1.687379e+006 402050
2.146628e+007 -2.178927e+006 2.146628e+007 -1.689402e+006 402051
2.146579e+007 -2.181523e+006 2.146579e+007 -1.691425e+006 402052
2.146529e+007 -2.184118e+006 2.146530e+007 -1.693448e+006 402053
2.146480e+007 -2.186713e+006 2.146480e+007 -1.695470e+006 402054
2.146431e+007 -2.189308e+006 2.146431e+007 -1.697491e+006 402055
2.146381e+007 -2.191902e+006 2.146381e+007 -1.699513e+006 402056
2.146332e+007 -2.194496e+006 2.146332e+007 -1.701534e+006 402057
2.146283e+007 -2.197089e+006 2.146283e+007 -1.703555e+006 402058
2.146233e+007 -2.199682e+006 2.146233e+007 -1.705575e+006 402059
2.146184e+007 -2.202275e+006 2.146184e+007 -1.707596e+006 402060
2.146135e+007 -2.204868e+006 2.146135e+007 -1.709616e+006 402061
2.146085e+007 -2.207459e+006 2.146085e+007 -1.711635e+006 402062
2.146036e+007 -2.210051e+006 2.146036e+007 -1.713655e+006 402063
2.145987e+007 -2.212642e+006 2.145987e+007 -1.715674e+006 402064
2.145937e+007 -2.215232e+006 2.145937e+007 -1.717692e+006 402065
2.145888e+007 -2.217822e+006 2.145888e+007 -1.719710e+006 402066
2.145839e+007 -2.220412e+006 2.145839e+007 -1.721728e+006 402067
2.145790e+007 -2.223001e+006 2.145790e+007 -1.723746e+006 402068
2.145740e+007 -2.225590e+006 2.145740e+007 -1.725763e+006 402069
2.145691e+007 -2.228179e+006 2.145691e+007 -1.727781e+006 402070
2.145642e+007 -2.230767e+006 2.145642e+007 -1.729797e+006 402071
2.145592e+007 -2.233355e+006 2.145593e+007 -1.731814e+006 402072
2.145543e+007 -2.235942e+006 2.145543e+007 -1.733830e+006 402073
2.145494e+007 -2.238529e+006 2.145494e+007 -1.735845e+006 402074
2.145445e+007 -2.241115e+006 2.145445e+007 -1.737861e+006 402075
2.145396e+007 -2.243702e+006 2.145396e+007 -1.739876e+006 402076
2.145346e+007 -2.246288e+006 2.145346e+007 -1.741891e+006 402077
2.145297e+007 -2.248873e+006 2.145297e+007 -1.743906e+006 402078
2.145248e+007 -2.251457e+006 2.145248e+007 -1.745919e+006 402079
2.145199e+007 -2.254041e+006 2.145199e+007 -1.747933e+006 402080
2.145150e+007 -2.256625e+006 2.145150e+007 -1.749946e+006 402081
2.145101e+007 -2.259209e+006 2.145101e+007 -1.751959e+006 402082
2.145051e+007 -2.261792e+006 2.145051e+007 -1.753972e+006 402083
2.145002e+007 -2.264374e+006 2.145002e+007 -1.755984e+006 402084
2.144953e+007 -2.266956e+006 2.144953e+007 -1.757996e+006 402085
2.144904e+007 -2.269538e+006 2.144904e+007 -1.760008e+006 402086
2.144855e+007 -2.272119e+006 2.144855e+007 -1.762019e+006 402087
2.144806e+007 -2.274700e+006 2.144806e+007 -1.764031e+006 402088
2.144757e+007 -2.277281e+006 2.144757e+007 -1.766041e+006 402089
2.144708e+007 -2.279861e+006 2.144708e+007 -1.768052e+006 402090
2.144658e+007 -2.282441e+006 2.144658e+007 -1.770062e+006 402091
2.144609e+007 -2.285021e+006 2.144609e+007 -1.772073e+006 402092
2.144560e+007 -2.287600e+006 2.144560e+007 -1.774082e+006 402093
2.144511e+007 -2.290178e+006 2.144511e+007 -1.776092e+006 402094
2.144462e+007 -2.292756e+006 2.144462e+007 -1.778100e+006 402095
2.144413e+007 -2.295333e+006 2.144413e+007 -1.780109e+006 402096
2.144364e+007 -2.297910e+006 2.144364e+007 -1.782117e+006 402097
2.144315e+007 -2.300487e+006 2.144315e+007 -1.784125e+006 402098
2.144266e+007 -2.303063e+006 2.144266e+007 -1.786132e+006 402099
2.144217e+007 -2.305639e+006 2.144217e+007 -1.788139e+006 402100
2.144168e+007 -2.308215e+006 2.144168e+007 -1.790146e+006 402101
2.144119e+007 -2.310790e+006 2.144119e+007 -1.792153e+006 402102
2.144070e+007 -2.313364e+006 2.144070e+007 -1.794159e+006 402103
2.144021e+007 -2.315938e+006 2.144021e+007 -1.796164e+006 402104
2.143972e+007 -2.318512e+006 2.143972e+007 -1.798169e+006 402105
2.143923e+007 -2.321085e+006 2.143923e+007 -1.800174e+006 402106
2.143874e+007 -2.323657e+006 2.143874e+007 -1.802179e+006 402107
2.143776e+007 -2.328802e+006 2.143776e+007 -1.806188e+006 402109
2.143727e+007 -2.331374e+006 2.143727e+007 -1.808192e+006 402110
2.143678e+007 -2.333945e+006 2.143678e+007 -1.810196e+006 402111
2.143629e+007 -2.336516e+006 2.143629e+007 -1.812199e+006 402112
2.143580e+007 -2.339087e+006 2.143581e+007 -1.814202e+006 402113
2.143532e+007 -2.341657e+006 2.143532e+007 -1.816205e+006 402114
2.143434e+007 -2.346797e+006 2.143434e+007 -1.820210e+006 402116
2.143385e+007 -2.349366e+006 2.143385e+007 -1.822212e+006 402117
2.143336e+007 -2.351935e+006 2.143336e+007 -1.824213e+006 402118
2.143238e+007 -2.357070e+006 2.143238e+007 -1.828215e+006 402120
2.143189e+007 -2.359638e+006 2.143189e+007 -1.830216e+006 402121
2.143141e+007 -2.362204e+006 2.143141e+007 -1.832215e+006 402122
2.143092e+007 -2.364770e+006 2.143092e+007 -1.834215e+006 402123
2.143043e+007 -2.367336e+006 2.143043e+007 -1.836214e+006 402124
2.142994e+007 -2.369901e+006 2.142994e+007 -1.838213e+006 402125
2.142945e+007 -2.372466e+006 2.142945e+007 -1.840211e+006 402126
2.142896e+007 -2.375030e+006 2.142897e+007 -1.842210e+006 402127
2.142848e+007 -2.377594e+006 2.142848e+007 -1.844208e+006 402128
2.142799e+007 -2.380158e+006 2.142799e+007 -1.846206e+006 402129
2.142750e+007 -2.382722e+006 2.142750e+007 -1.848203e+006 402130
2.142701e+007 -2.385284e+006 2.142701e+007 -1.850200e+006 402131
2.142653e+007 -2.387847e+006 2.142653e+007 -1.852197e+006 402132
2.142604e+007 -2.390409e+006 2.142604e+007 -1.854194e+006 402133
2.142555e+007 -2.392971e+006 2.142555e+007 -1.856190e+006 402134
2.142506e+007 -2.395532e+006 2.142506e+007 -1.858185e+006 402135
2.142458e+007 -2.398093e+006 2.142458e+007 -1.860181e+006 402136
2.142409e+007 -2.400654e+006 2.142409e+007 -1.862176e+006 402137
2.142360e+007 -2.403213e+006 2.142360e+007 -1.864171e+006 402138
2.142311e+007 -2.405773e+006 2.142312e+007 -1.866165e+006 402139
2.142263e+007 -2.408332e+006 2.142263e+007 -1.868159e+006 402140
2.142214e+007 -2.410890e+006 2.142214e+007 -1.870153e+006 402141
2.142165e+007 -2.413448e+006 2.142166e+007 -1.872146e+006 402142
2.142117e+007 -2.416006e+006 2.142117e+007 -1.874139e+006 402143
2.142068e+007 -2.418563e+006 2.142068e+007 -1.876131e+006 402144
2.142019e+007 -2.421120e+006 2.142020e+007 -1.878124e+006 402145
2.141971e+007 -2.423677e+006 2.141971e+007 -1.880116e+006 402146
2.141922e+007 -2.426233e+006 2.141922e+007 -1.882108e+006 402147
2.141874e+007 -2.428789e+006 2.141874e+007 -1.884100e+006 402148
2.141825e+007 -2.431344e+006 2.141825e+007 -1.886091e+006 402149
2.141776e+007 -2.433900e+006 2.141776e+007 -1.888082e+006 402150
2.141582e+007 -2.444114e+006 2.141582e+007 -1.896041e+006 402154
2.141436e+007 -2.451770e+006 2.141436e+007 -1.902007e+006 402157
2.141388e+007 -2.454321e+006 2.141388e+007 -1.903995e+006 402158
2.141339e+007 -2.456872e+006 2.141339e+007 -1.905983e+006 402159
2.141291e+007 -2.459424e+006 2.141291e+007 -1.907971e+006 402160
2.141242e+007 -2.461974e+006 2.141242e+007 -1.909958e+006 402161
2.141193e+007 -2.464523e+006 2.141194e+007 -1.911945e+006 402162
2.141145e+007 -2.467073e+006 2.141145e+007 -1.913931e+006 402163
2.141096e+007 -2.469622e+006 2.141097e+007 -1.915918e+006 402164
2.141048e+007 -2.472171e+006 2.141048e+007 -1.917904e+006 402165
2.140999e+007 -2.474720e+006 2.141000e+007 -1.919890e+006 402166
2.140854e+007 -2.482361e+006 2.140854e+007 -1.925844e+006 402169
2.140806e+007 -2.484907e+006 2.140806e+007 -1.927828e+006 402170
2.140660e+007 -2.492543e+006 2.140660e+007 -1.933778e+006 402173
2.140612e+007 -2.495087e+006 2.140612e+007 -1.935761e+006 402174
2.140563e+007 -2.497631e+006 2.140564e+007 -1.937743e+006 402175
2.140515e+007 -2.500175e+006 2.140515e+007 -1.939725e+006 402176
2.140467e+007 -2.502719e+006 2.140467e+007 -1.941707e+006 402177
2.140418e+007 -2.505262e+006 2.140418e+007 -1.943689e+006 402178
2.140370e+007 -2.507805e+006 2.140370e+007 -1.945671e+006 402179
2.140321e+007 -2.510347e+006 2.140322e+007 -1.947652e+006 402180
2.140273e+007 -2.512889e+006 2.140273e+007 -1.949632e+006 402181
2.140225e+007 -2.515430e+006 2.140225e+007 -1.951612e+006 402182
2.140176e+007 -2.517971e+006 2.140177e+007 -1.953592e+006 402183
2.140128e+007 -2.520511e+006 2.140128e+007 -1.955571e+006 402184
2.140080e+007 -2.523052e+006 2.140080e+007 -1.957551e+006 402185
2.139886e+007 -2.533208e+006 2.139887e+007 -1.965465e+006 402189
2.139838e+007 -2.535746e+006 2.139838e+007 -1.967443e+006 402190
2.139790e+007 -2.538283e+006 2.139790e+007 -1.969420e+006 402191
2.139742e+007 -2.540820e+006 2.139742e+007 -1.971396e+006 402192
2.139693e+007 -2.543356e+006 2.139693e+007 -1.973373e+006 402193
2.139645e+007 -2.545892e+006 2.139645e+007 -1.975349e+006 402194
2.139597e+007 -2.548428e+006 2.139597e+007 -1.977325e+006 402195
2.139549e+007 -2.550964e+006 2.139549e+007 -1.979301e+006 402196
2.139500e+007 -2.553499e+006 2.139500e+007 -1.981276e+006 402197
2.139452e+007 -2.556034e+006 2.139452e+007 -1.983251e+006 402198
2.139404e+007 -2.558568e+006 2.139404e+007 -1.985226e+006 402199
2.139356e+007 -2.561101e+006 2.139356e+007 -1.987200e+006 402200
2.139307e+007 -2.563634e+006 2.139308e+007 -1.989174e+006 402201
2.139259e+007 -2.566168e+006 2.139259e+007 -1.991148e+006 402202
2.139067e+007 -2.576295e+006 2.139067e+007 -1.999039e+006 402206
2.139018e+007 -2.578825e+006 2.139018e+007 -2.001011e+006 402207
2.138970e+007 -2.581355e+006 2.138970e+007 -2.002982e+006 402208
2.138922e+007 -2.583884e+006 2.138922e+007 -2.004953e+006 402209
2.138874e+007 -2.586413e+006 2.138874e+007 -2.006923e+006 402210
2.138826e+007 -2.588941e+006 2.138826e+007 -2.008893e+006 402211
2.138778e+007 -2.591469e+006 2.138778e+007 -2.010863e+006 402212
2.138730e+007 -2.593997e+006 2.138730e+007 -2.012833e+006 402213
2.138682e+007 -2.596525e+006 2.138682e+007 -2.014803e+006 402214
2.138633e+007 -2.599052e+006 2.138634e+007 -2.016772e+006 402215
2.138585e+007 -2.601579e+006 2.138585e+007 -2.018741e+006 402216
2.138537e+007 -2.604106e+006 2.138537e+007 -2.020710e+006 402217
2.138489e+007 -2.606632e+006 2.138489e+007 -2.022678e+006 402218
2.138441e+007 -2.609157e+006 2.138441e+007 -2.024646e+006 402219
2.138393e+007 -2.611683e+006 2.138393e+007 -2.026614e+006 402220
2.138249e+007 -2.619256e+006 2.138249e+007 -2.032515e+006 402223
2.138201e+007 -2.621779e+006 2.138201e+007 -2.034482e+006 402224
2.138153e+007 -2.624302e+006 2.138153e+007 -2.036448e+006 402225
2.138057e+007 -2.629347e+006 2.138057e+007 -2.040378e+006 402227
2.138009e+007 -2.631869e+006 2.138009e+007 -2.042344e+006 402228
2.137961e+007 -2.634390e+006 2.137961e+007 -2.044308e+006 402229
2.137913e+007 -2.636911e+006 2.137913e+007 -2.046272e+006 402230
2.137865e+007 -2.639431e+006 2.137865e+007 -2.048236e+006 402231
2.137817e+007 -2.641952e+006 2.137817e+007 -2.050200e+006 402232
2.137769e+007 -2.644471e+006 2.137769e+007 -2.052164e+006 402233
2.137625e+007 -2.652027e+006 2.137625e+007 -2.058051e+006 402236
2.137577e+007 -2.654545e+006 2.137578e+007 -2.060013e+006 402237
2.137482e+007 -2.659579e+006 2.137482e+007 -2.063936e+006 402239
2.137434e+007 -2.662095e+006 2.137434e+007 -2.065897e+006 402240
2.137386e+007 -2.664611e+006 2.137386e+007 -2.067857e+006 402241
2.137290e+007 -2.669642e+006 2.137290e+007 -2.071777e+006 402243
2.137242e+007 -2.672156e+006 2.137242e+007 -2.073736e+006 402244
2.137147e+007 -2.677185e+006 2.137147e+007 -2.077654e+006 402246
2.137099e+007 -2.679698e+006 2.137099e+007 -2.079613e+006 402247
2.137051e+007 -2.682211e+006 2.137051e+007 -2.081571e+006 402248
2.137003e+007 -2.684725e+006 2.137003e+007 -2.083530e+006 402249
2.136955e+007 -2.687238e+006 2.136955e+007 -2.085488e+006 402250
2.136908e+007 -2.689750e+006 2.136908e+007 -2.087445e+006 402251
2.136860e+007 -2.692261e+006 2.136860e+007 -2.089402e+006 402252
2.136812e+007 -2.694772e+006 2.136812e+007 -2.091359e+006 402253
2.136764e+007 -2.697283e+006 2.136764e+007 -2.093315e+006 402254
2.136621e+007 -2.704811e+006 2.136621e+007 -2.099181e+006 402257
2.136525e+007 -2.709828e+006 2.136526e+007 -2.103091e+006 402259
2.136478e+007 -2.712336e+006 2.136478e+007 -2.105045e+006 402260
2.136430e+007 -2.714844e+006 2.136430e+007 -2.106999e+006 402261
2.136382e+007 -2.717351e+006 2.136382e+007 -2.108953e+006 402262
2.136335e+007 -2.719858e+006 2.136335e+007 -2.110906e+006 402263
2.136287e+007 -2.722364e+006 2.136287e+007 -2.112859e+006 402264
2.136239e+007 -2.724870e+006 2.136239e+007 -2.114812e+006 402265
2.136096e+007 -2.732385e+006 2.136096e+007 -2.120668e+006 402268
2.136049e+007 -2.734890e+006 2.136049e+007 -2.122619e+006 402269
2.135906e+007 -2.742399e+006 2.135906e+007 -2.128471e+006 402272
2.135858e+007 -2.744902e+006 2.135858e+007 -2.130421e+006 402273
2.135810e+007 -2.747404e+006 2.135811e+007 -2.132371e+006 402274
2.135763e+007 -2.749906e+006 2.135763e+007 -2.134320e+006 402275
2.135715e+007 -2.752407e+006 2.135715e+007 -2.136270e+006 402276
2.135668e+007 -2.754908e+006 2.135668e+007 -2.138218e+006 402277
2.135620e+007 -2.757408e+006 2.135620e+007 -2.140166e+006 402278
2.135572e+007 -2.759908e+006 2.135573e+007 -2.142114e+006 402279
2.135525e+007 -2.762407e+006 2.135525e+007 -2.144061e+006 402280
2.135477e+007 -2.764906e+006 2.135477e+007 -2.146009e+006 402281
2.135430e+007 -2.767404e+006 2.135430e+007 -2.147956e+006 402282
2.135382e+007 -2.769902e+006 2.135382e+007 -2.149902e+006 402283
2.135240e+007 -2.777395e+006 2.135240e+007 -2.155740e+006 402286
2.135192e+007 -2.779891e+006 2.135192e+007 -2.157686e+006 402287
2.135097e+007 -2.784883e+006 2.135097e+007 -2.161575e+006 402289
2.135050e+007 -2.787378e+006 2.135050e+007 -2.163520e+006 402290
2.135002e+007 -2.789873e+006 2.135002e+007 -2.165463e+006 402291
2.134955e+007 -2.792367e+006 2.134955e+007 -2.167407e+006 402292
2.134907e+007 -2.794860e+006 2.134907e+007 -2.169350e+006 402293
2.134860e+007 -2.797354e+006 2.134860e+007 -2.171293e+006 402294
2.134812e+007 -2.799847e+006 2.134813e+007 -2.173235e+006 402295
2.134765e+007 -2.802339e+006 2.134765e+007 -2.175177e+006 402296
2.134718e+007 -2.804831e+006 2.134718e+007 -2.177119e+006 402297
2.134670e+007 -2.807323e+006 2.134670e+007 -2.179061e+006 402298
2.134528e+007 -2.814796e+006 2.134528e+007 -2.184884e+006 402301
2.134338e+007 -2.824754e+006 2.134339e+007 -2.192644e+006 402305
2.134291e+007 -2.827242e+006 2.134291e+007 -2.194582e+006 402306
2.134244e+007 -2.829730e+006 2.134244e+007 -2.196521e+006 402307
2.134196e+007 -2.832218e+006 2.134197e+007 -2.198459e+006 402308
2.134149e+007 -2.834704e+006 2.134149e+007 -2.200397e+006 402309
2.134102e+007 -2.837190e+006 2.134102e+007 -2.202334e+006 402310
2.134055e+007 -2.839677e+006 2.134055e+007 -2.204272e+006 402311
2.134007e+007 -2.842162e+006 2.134007e+007 -2.206208e+006 402312
2.133960e+007 -2.844647e+006 2.133960e+007 -2.208145e+006 402313
2.133818e+007 -2.852100e+006 2.133818e+007 -2.213952e+006 402316
2.133724e+007 -2.857067e+006 2.133724e+007 -2.217822e+006 402318
2.133676e+007 -2.859550e+006 2.133676e+007 -2.219757e+006 402319
2.133582e+007 -2.864515e+006 2.133582e+007 -2.223626e+006 402321
2.133535e+007 -2.866996e+006 2.133535e+007 -2.225560e+006 402322
2.133487e+007 -2.869477e+006 2.133488e+007 -2.227493e+006 402323
2.133440e+007 -2.871957e+006 2.133440e+007 -2.229425e+006 402324
2.133393e+007 -2.874437e+006 2.133393e+007 -2.231358e+006 402325
2.133252e+007 -2.881874e+006 2.133252e+007 -2.237153e+006 402328
2.133157e+007 -2.886830e+006 2.133157e+007 -2.241014e+006 402330
2.133110e+007 -2.889307e+006 2.133110e+007 -2.242945e+006 402331
2.133016e+007 -2.894262e+006 2.133016e+007 -2.246805e+006 402333
2.132969e+007 -2.896738e+006 2.132969e+007 -2.248735e+006 402334
2.132922e+007 -2.899214e+006 2.132922e+007 -2.250664e+006 402335
2.132874e+007 -2.901689e+006 2.132875e+007 -2.252593e+006 402336
2.132827e+007 -2.904164e+006 2.132827e+007 -2.254522e+006 402337
2.132686e+007 -2.911586e+006 2.132686e+007 -2.260305e+006 402340
2.132592e+007 -2.916532e+006 2.132592e+007 -2.264159e+006 402342
2.132545e+007 -2.919005e+006 2.132545e+007 -2.266086e+006 402343
2.132451e+007 -2.923949e+006 2.132451e+007 -2.269938e+006 402345
2.132404e+007 -2.926420e+006 2.132404e+007 -2.271864e+006 402346
2.132357e+007 -2.928890e+006 2.132357e+007 -2.273788e+006 402347
2.132310e+007 -2.931360e+006 2.132310e+007 -2.275713e+006 402348
2.132263e+007 -2.933829e+006 2.132263e+007 -2.277637e+006 402349
2.132075e+007 -2.943703e+006 2.132075e+007 -2.285331e+006 402353
2.132028e+007 -2.946171e+006 2.132028e+007 -2.287254e+006 402354
2.131887e+007 -2.953571e+006 2.131887e+007 -2.293020e+006 402357
2.131840e+007 -2.956037e+006 2.131840e+007 -2.294942e+006 402358
2.131793e+007 -2.958502e+006 2.131793e+007 -2.296863e+006 402359
2.131746e+007 -2.960968e+006 2.131747e+007 -2.298784e+006 402360
2.131699e+007 -2.963434e+006 2.131700e+007 -2.300705e+006 402361
2.131653e+007 -2.965898e+006 2.131653e+007 -2.302625e+006 402362
