2.056221e+007 1.052528e+007 2.056222e+007 8.207407e+006 401170
2.055733e+007 1.049963e+007 2.055734e+007 8.187424e+006 401171
2.055376e+007 1.048085e+007 2.055376e+007 8.172785e+006 401172
2.055127e+007 1.046779e+007 2.055128e+007 8.162614e+006 401173
2.054968e+007 1.045940e+007 2.054968e+007 8.156070e+006 401174
2.054840e+007 1.045270e+007 2.054840e+007 8.150849e+006 401176
2.054841e+007 1.045274e+007 2.054841e+007 8.150885e+006 401177
2.054868e+007 1.045415e+007 2.054868e+007 8.151984e+006 401178
2.054911e+007 1.045640e+007 2.054911e+007 8.153738e+006 401179
2.054962e+007 1.045908e+007 2.054962e+007 8.155825e+006 401180
2.055015e+007 1.046187e+007 2.055015e+007 8.157997e+006 401181
2.055066e+007 1.046454e+007 2.055066e+007 8.160077e+006 401182
2.055111e+007 1.046693e+007 2.055111e+007 8.161940e+006 401183
2.055179e+007 1.047052e+007 2.055180e+007 8.164741e+006 401185
2.055201e+007 1.047166e+007 2.055201e+007 8.165626e+006 401186
2.055214e+007 1.047236e+007 2.055215e+007 8.166172e+006 401187
2.055220e+007 1.047265e+007 2.055220e+007 8.166399e+006 401188
2.055218e+007 1.047257e+007 2.055219e+007 8.166338e+006 401189
2.055211e+007 1.047217e+007 2.055211e+007 8.166027e+006 401190
2.055198e+007 1.047150e+007 2.055198e+007 8.165503e+006 401191
2.055181e+007 1.047060e+007 2.055181e+007 8.164803e+006 401192
2.055160e+007 1.046952e+007 2.055161e+007 8.163962e+006 401193
2.055137e+007 1.046830e+007 2.055137e+007 8.163013e+006 401194
2.055112e+007 1.046698e+007 2.055112e+007 8.161982e+006 401195
2.055086e+007 1.046559e+007 2.055086e+007 8.160896e+006 401196
2.055058e+007 1.046415e+007 2.055058e+007 8.159773e+006 401197
2.055002e+007 1.046120e+007 2.055002e+007 8.157476e+006 401199
2.054974e+007 1.045972e+007 2.054975e+007 8.156323e+006 401200
2.054946e+007 1.045825e+007 2.054946e+007 8.155175e+006 401201
2.054918e+007 1.045679e+007 2.054918e+007 8.154044e+006 401202
2.054891e+007 1.045537e+007 2.054891e+007 8.152932e+006 401203
2.054864e+007 1.045396e+007 2.054864e+007 8.151837e+006 401204
2.054811e+007 1.045119e+007 2.054812e+007 8.149676e+006 401206
2.054786e+007 1.044983e+007 2.054786e+007 8.148615e+006 401207
2.054760e+007 1.044848e+007 2.054760e+007 8.147569e+006 401208
2.054735e+007 1.044716e+007 2.054735e+007 8.146534e+006 401209
2.054710e+007 1.044584e+007 2.054710e+007 8.145504e+006 401210
2.054685e+007 1.044452e+007 2.054685e+007 8.144480e+006 401211
2.054660e+007 1.044321e+007 2.054660e+007 8.143460e+006 401212
2.054635e+007 1.044191e+007 2.054635e+007 8.142446e+006 401213
2.054610e+007 1.044061e+007 2.054610e+007 8.141436e+006 401214
2.054586e+007 1.043932e+007 2.054586e+007 8.140431e+006 401215
2.054561e+007 1.043805e+007 2.054562e+007 8.139440e+006 401216
2.054537e+007 1.043678e+007 2.054537e+007 8.138447e+006 401217
2.054513e+007 1.043551e+007 2.054513e+007 8.137459e+006 401218
2.054489e+007 1.043423e+007 2.054489e+007 8.136457e+006 401219
2.054464e+007 1.043294e+007 2.054464e+007 8.135454e+006 401220
2.054440e+007 1.043165e+007 2.054440e+007 8.134453e+006 401221
2.054415e+007 1.043037e+007 2.054415e+007 8.133454e+006 401222
2.054391e+007 1.042909e+007 2.054391e+007 8.132456e+006 401223
2.054367e+007 1.042781e+007 2.054367e+007 8.131458e+006 401224
2.054342e+007 1.042653e+007 2.054342e+007 8.130459e+006 401225
2.054318e+007 1.042524e+007 2.054318e+007 8.129459e+006 401226
2.054293e+007 1.042396e+007 2.054293e+007 8.128460e+006 401227
2.054269e+007 1.042268e+007 2.054269e+007 8.127461e+006 401228
2.054245e+007 1.042140e+007 2.054245e+007 8.126461e+006 401229
2.054220e+007 1.042011e+007 2.054220e+007 8.125462e+006 401230
2.054196e+007 1.041883e+007 2.054196e+007 8.124462e+006 401231
2.054171e+007 1.041755e+007 2.054171e+007 8.123461e+006 401232
2.054147e+007 1.041626e+007 2.054147e+007 8.122460e+006 401233
2.054122e+007 1.041497e+007 2.054122e+007 8.121457e+006 401234
2.054098e+007 1.041369e+007 2.054098e+007 8.120455e+006 401235
2.054073e+007 1.041240e+007 2.054073e+007 8.119453e+006 401236
2.054049e+007 1.041112e+007 2.054049e+007 8.118452e+006 401237
2.054024e+007 1.040983e+007 2.054025e+007 8.117452e+006 401238
2.054000e+007 1.040855e+007 2.054000e+007 8.116451e+006 401239
2.053976e+007 1.040727e+007 2.053976e+007 8.115452e+006 401240
2.053951e+007 1.040599e+007 2.053951e+007 8.114453e+006 401241
2.053927e+007 1.040471e+007 2.053927e+007 8.113456e+006 401242
2.053903e+007 1.040343e+007 2.053903e+007 8.112459e+006 401243
2.053878e+007 1.040215e+007 2.053878e+007 8.111463e+006 401244
2.053854e+007 1.040087e+007 2.053854e+007 8.110468e+006 401245
2.053830e+007 1.039960e+007 2.053830e+007 8.109474e+006 401246
2.053805e+007 1.039832e+007 2.053805e+007 8.108480e+006 401247
2.053781e+007 1.039705e+007 2.053781e+007 8.107487e+006 401248
2.053757e+007 1.039577e+007 2.053757e+007 8.106494e+006 401249
2.053733e+007 1.039450e+007 2.053733e+007 8.105501e+006 401250
2.053708e+007 1.039323e+007 2.053709e+007 8.104510e+006 401251
2.053684e+007 1.039195e+007 2.053684e+007 8.103520e+006 401252
2.053660e+007 1.039069e+007 2.053660e+007 8.102530e+006 401253
2.053636e+007 1.038942e+007 2.053636e+007 8.101541e+006 401254
2.053612e+007 1.038815e+007 2.053612e+007 8.100553e+006 401255
2.053588e+007 1.038688e+007 2.053588e+007 8.099565e+006 401256
2.053564e+007 1.038561e+007 2.053564e+007 8.098576e+006 401257
2.053539e+007 1.038434e+007 2.053539e+007 8.097588e+006 401258
2.053515e+007 1.038308e+007 2.053515e+007 8.096600e+006 401259
2.053491e+007 1.038181e+007 2.053491e+007 8.095613e+006 401260
2.053467e+007 1.038054e+007 2.053467e+007 8.094626e+006 401261
2.053443e+007 1.037928e+007 2.053443e+007 8.093640e+006 401262
2.053419e+007 1.037801e+007 2.053419e+007 8.092654e+006 401263
2.053395e+007 1.037675e+007 2.053395e+007 8.091669e+006 401264
2.053371e+007 1.037548e+007 2.053371e+007 8.090685e+006 401265
2.053347e+007 1.037422e+007 2.053347e+007 8.089702e+006 401266
2.053323e+007 1.037296e+007 2.053323e+007 8.088718e+006 401267
2.053299e+007 1.037170e+007 2.053299e+007 8.087735e+006 401268
2.053275e+007 1.037044e+007 2.053275e+007 8.086753e+006 401269
2.053251e+007 1.036918e+007 2.053251e+007 8.085771e+006 401270
2.053227e+007 1.036792e+007 2.053227e+007 8.084789e+006 401271
2.053203e+007 1.036666e+007 2.053203e+007 8.083808e+006 401272
2.053179e+007 1.036540e+007 2.053179e+007 8.082828e+006 401273
2.053155e+007 1.036414e+007 2.053155e+007 8.081848e+006 401274
2.053131e+007 1.036289e+007 2.053131e+007 8.080868e+006 401275
2.053107e+007 1.036163e+007 2.053107e+007 8.079888e+006 401276
2.053083e+007 1.036037e+007 2.053083e+007 8.078909e+006 401277
2.053059e+007 1.035912e+007 2.053059e+007 8.077931e+006 401278
2.053035e+007 1.035786e+007 2.053036e+007 8.076954e+006 401279
2.053012e+007 1.035661e+007 2.053012e+007 8.075977e+006 401280
2.052988e+007 1.035535e+007 2.052988e+007 8.074995e+006 401281
2.052964e+007 1.035409e+007 2.052964e+007 8.074015e+006 401282
2.052940e+007 1.035283e+007 2.052940e+007 8.073035e+006 401283
2.052916e+007 1.035158e+007 2.052916e+007 8.072055e+006 401284
2.052892e+007 1.035032e+007 2.052894e+007 8.071078e+006 401285
2.052182e+007 -7.149041e+005 2.052183e+007 -8.005843e+004 401315
2.052159e+007 -7.161297e+005 2.052159e+007 -8.101345e+004 401316
2.052136e+007 -7.173552e+005 2.052136e+007 -8.196841e+004 401317
2.052112e+007 -7.185810e+005 2.052113e+007 -8.292355e+004 401318
2.052089e+007 -7.198076e+005 2.052089e+007 -8.387934e+004 401319
2.052066e+007 -7.210350e+005 2.052066e+007 -8.483572e+004 401320
2.052042e+007 -7.222618e+005 2.052043e+007 -8.579167e+004 401321
2.052019e+007 -7.234885e+005 2.052019e+007 -8.674757e+004 401322
2.051996e+007 -7.247153e+005 2.051996e+007 -8.770350e+004 401323
2.051972e+007 -7.259418e+005 2.051973e+007 -8.865924e+004 401324
2.051949e+007 -7.271677e+005 2.051949e+007 -8.961443e+004 401325
2.051926e+007 -7.283932e+005 2.051926e+007 -9.056940e+004 401326
2.051902e+007 -7.296184e+005 2.051903e+007 -9.152411e+004 401327
2.051879e+007 -7.308430e+005 2.051879e+007 -9.247834e+004 401328
2.051856e+007 -7.320676e+005 2.051856e+007 -9.343259e+004 401329
2.051832e+007 -7.332916e+005 2.051833e+007 -9.438635e+004 401330
2.051809e+007 -7.345144e+005 2.051809e+007 -9.533914e+004 401331
2.051786e+007 -7.357367e+005 2.051786e+007 -9.629157e+004 401332
2.051763e+007 -7.369584e+005 2.051763e+007 -9.724354e+004 401333
2.051739e+007 -7.381794e+005 2.051740e+007 -9.819496e+004 401334
2.051716e+007 -7.394004e+005 2.051716e+007 -9.914639e+004 401335
2.051693e+007 -7.406209e+005 2.051693e+007 -1.000974e+005 401336
2.051670e+007 -7.418402e+005 2.051670e+007 -1.010476e+005 401337
2.051647e+007 -7.430589e+005 2.051647e+007 -1.019972e+005 401338
2.051623e+007 -7.442767e+005 2.051624e+007 -1.029461e+005 401339
2.051600e+007 -7.454938e+005 2.051600e+007 -1.038946e+005 401340
2.051577e+007 -7.467107e+005 2.051577e+007 -1.048427e+005 401341
2.051554e+007 -7.479268e+005 2.051554e+007 -1.057903e+005 401342
2.051531e+007 -7.491422e+005 2.051531e+007 -1.067374e+005 401343
2.051508e+007 -7.503568e+005 2.051508e+007 -1.076839e+005 401344
2.051485e+007 -7.515710e+005 2.051485e+007 -1.086300e+005 401345
2.051462e+007 -7.527845e+005 2.051462e+007 -1.095756e+005 401346
2.051438e+007 -7.539968e+005 2.051439e+007 -1.105203e+005 401347
2.051415e+007 -7.552085e+005 2.051416e+007 -1.114644e+005 401348
2.051392e+007 -7.564198e+005 2.051393e+007 -1.124082e+005 401349
2.051369e+007 -7.576305e+005 2.051370e+007 -1.133517e+005 401350
2.051346e+007 -7.588410e+005 2.051346e+007 -1.142949e+005 401351
2.051323e+007 -7.600507e+005 2.051323e+007 -1.152375e+005 401352
2.051300e+007 -7.612600e+005 2.051300e+007 -1.161799e+005 401353
2.051277e+007 -7.624687e+005 2.051277e+007 -1.171217e+005 401354
2.051254e+007 -7.636772e+005 2.051254e+007 -1.180634e+005 401355
2.051231e+007 -7.648855e+005 2.051231e+007 -1.190049e+005 401356
2.051208e+007 -7.660933e+005 2.051208e+007 -1.199461e+005 401357
2.051185e+007 -7.672999e+005 2.051186e+007 -1.208863e+005 401358
2.051162e+007 -7.685056e+005 2.051163e+007 -1.218257e+005 401359
2.051139e+007 -7.697103e+005 2.051140e+007 -1.227645e+005 401360
2.051117e+007 -7.709146e+005 2.051117e+007 -1.237029e+005 401361
2.051094e+007 -7.721188e+005 2.051094e+007 -1.246413e+005 401362
2.051071e+007 -7.733221e+005 2.051071e+007 -1.255789e+005 401363
2.051048e+007 -7.745247e+005 2.051048e+007 -1.265160e+005 401364
2.051025e+007 -7.757265e+005 2.051025e+007 -1.274525e+005 401365
2.051002e+007 -7.769276e+005 2.051002e+007 -1.283884e+005 401366
2.050979e+007 -7.781281e+005 2.050979e+007 -1.293238e+005 401367
2.050956e+007 -7.793278e+005 2.050957e+007 -1.302587e+005 401368
2.050934e+007 -7.805269e+005 2.050934e+007 -1.311930e+005 401369
2.050911e+007 -7.817257e+005 2.050911e+007 -1.321271e+005 401370
2.050888e+007 -7.829240e+005 2.050888e+007 -1.330609e+005 401371
2.050865e+007 -7.841222e+005 2.050865e+007 -1.339945e+005 401372
2.050842e+007 -7.853202e+005 2.050843e+007 -1.349280e+005 401373
2.050820e+007 -7.865173e+005 2.050820e+007 -1.358609e+005 401374
2.050797e+007 -7.877139e+005 2.050797e+007 -1.367933e+005 401375
2.050774e+007 -7.889102e+005 2.050774e+007 -1.377255e+005 401376
2.050751e+007 -7.901060e+005 2.050752e+007 -1.386572e+005 401377
2.050729e+007 -7.913008e+005 2.050729e+007 -1.395882e+005 401378
2.050706e+007 -7.924948e+005 2.050706e+007 -1.405186e+005 401379
2.050683e+007 -7.936881e+005 2.050683e+007 -1.414485e+005 401380
2.050660e+007 -7.948810e+005 2.050661e+007 -1.423780e+005 401381
2.050638e+007 -7.960736e+005 2.050638e+007 -1.433073e+005 401382
2.050615e+007 -7.972651e+005 2.050615e+007 -1.442357e+005 401383
2.050592e+007 -7.984560e+005 2.050593e+007 -1.451637e+005 401384
2.050570e+007 -7.996466e+005 2.050570e+007 -1.460914e+005 401385
2.050547e+007 -8.008365e+005 2.050547e+007 -1.470187e+005 401386
2.050525e+007 -8.020255e+005 2.050525e+007 -1.479451e+005 401387
2.050502e+007 -8.032136e+005 2.050502e+007 -1.488709e+005 401388
2.050479e+007 -8.044014e+005 2.050479e+007 -1.497965e+005 401389
2.050457e+007 -8.055886e+005 2.050457e+007 -1.507216e+005 401390
2.050434e+007 -8.067750e+005 2.050434e+007 -1.516460e+005 401391
2.050412e+007 -8.079608e+005 2.050412e+007 -1.525701e+005 401392
2.050389e+007 -8.091460e+005 2.050389e+007 -1.534936e+005 401393
2.050366e+007 -8.103303e+005 2.050367e+007 -1.544164e+005 401394
2.050344e+007 -8.115142e+005 2.050344e+007 -1.553389e+005 401395
2.050321e+007 -8.126976e+005 2.050322e+007 -1.562610e+005 401396
2.050299e+007 -8.138803e+005 2.050299e+007 -1.571826e+005 401397
2.050276e+007 -8.150622e+005 2.050277e+007 -1.581036e+005 401398
2.050254e+007 -8.162436e+005 2.050254e+007 -1.590242e+005 401399
2.050231e+007 -8.174246e+005 2.050232e+007 -1.599444e+005 401400
2.050209e+007 -8.186051e+005 2.050209e+007 -1.608643e+005 401401
2.050187e+007 -8.197847e+005 2.050187e+007 -1.617834e+005 401402
2.050164e+007 -8.209636e+005 2.050164e+007 -1.627021e+005 401403
2.050142e+007 -8.221420e+005 2.050142e+007 -1.636203e+005 401404
2.050119e+007 -8.233200e+005 2.050119e+007 -1.645382e+005 401405
2.050097e+007 -8.244974e+005 2.050097e+007 -1.654556e+005 401406
2.050075e+007 -8.256742e+005 2.050075e+007 -1.663726e+005 401407
2.050030e+007 -8.280256e+005 2.050030e+007 -1.682050e+005 401409
2.050007e+007 -8.292002e+005 2.050008e+007 -1.691202e+005 401410
2.049985e+007 -8.303744e+005 2.049985e+007 -1.700352e+005 401411
2.049963e+007 -8.315479e+005 2.049963e+007 -1.709496e+005 401412
2.049940e+007 -8.327204e+005 2.049941e+007 -1.718632e+005 401413
2.049918e+007 -8.338925e+005 2.049918e+007 -1.727765e+005 401414
2.049896e+007 -8.350645e+005 2.049896e+007 -1.736898e+005 401415
2.049874e+007 -8.362356e+005 2.049874e+007 -1.746023e+005 401416
2.049851e+007 -8.374060e+005 2.049851e+007 -1.755143e+005 401417
2.049829e+007 -8.385759e+005 2.049829e+007 -1.764259e+005 401418
2.049807e+007 -8.397451e+005 2.049807e+007 -1.773370e+005 401419
2.049785e+007 -8.409135e+005 2.049785e+007 -1.782474e+005 401420
2.049762e+007 -8.420815e+005 2.049762e+007 -1.791576e+005 401421
2.049740e+007 -8.432492e+005 2.049740e+007 -1.800674e+005 401422
2.049718e+007 -8.444163e+005 2.049718e+007 -1.809769e+005 401423
2.049696e+007 -8.455829e+005 2.049696e+007 -1.818859e+005 401424
2.049673e+007 -8.467488e+005 2.049674e+007 -1.827944e+005 401425
2.049651e+007 -8.479141e+005 2.049651e+007 -1.837024e+005 401426
2.049629e+007 -8.490785e+005 2.049629e+007 -1.846098e+005 401427
2.049607e+007 -8.502424e+005 2.049607e+007 -1.855167e+005 401428
2.049585e+007 -8.514057e+005 2.049585e+007 -1.864232e+005 401429
2.049563e+007 -8.525681e+005 2.049563e+007 -1.873289e+005 401430
2.049541e+007 -8.537297e+005 2.049541e+007 -1.882341e+005 401431
2.049496e+007 -8.560518e+005 2.049497e+007 -1.900435e+005 401433
2.049474e+007 -8.572122e+005 2.049475e+007 -1.909477e+005 401434
2.049452e+007 -8.583719e+005 2.049452e+007 -1.918514e+005 401435
2.049408e+007 -8.606890e+005 2.049408e+007 -1.936569e+005 401437
2.049386e+007 -8.618468e+005 2.049386e+007 -1.945591e+005 401438
2.049364e+007 -8.630039e+005 2.049364e+007 -1.954607e+005 401439
2.049342e+007 -8.641601e+005 2.049342e+007 -1.963617e+005 401440
2.049320e+007 -8.653158e+005 2.049320e+007 -1.972622e+005 401441
2.049298e+007 -8.664712e+005 2.049298e+007 -1.981625e+005 401442
2.049276e+007 -8.676261e+005 2.049276e+007 -1.990624e+005 401443
2.049254e+007 -8.687801e+005 2.049254e+007 -1.999616e+005 401444
2.049232e+007 -8.699336e+005 2.049232e+007 -2.008605e+005 401445
2.049188e+007 -8.722381e+005 2.049189e+007 -2.026562e+005 401447
2.049167e+007 -8.733893e+005 2.049167e+007 -2.035532e+005 401448
2.049145e+007 -8.745398e+005 2.049145e+007 -2.044497e+005 401449
2.049123e+007 -8.756898e+005 2.049123e+007 -2.053458e+005 401450
2.049101e+007 -8.768394e+005 2.049101e+007 -2.062416e+005 401451
2.049079e+007 -8.779889e+005 2.049079e+007 -2.071373e+005 401452
2.049035e+007 -8.802854e+005 2.049035e+007 -2.089268e+005 401454
2.049013e+007 -8.814326e+005 2.049014e+007 -2.098207e+005 401455
2.048992e+007 -8.825790e+005 2.048992e+007 -2.107140e+005 401456
2.048948e+007 -8.848700e+005 2.048948e+007 -2.124992e+005 401458
2.048926e+007 -8.860151e+005 2.048926e+007 -2.133915e+005 401459
2.048904e+007 -8.871593e+005 2.048905e+007 -2.142831e+005 401460
2.048883e+007 -8.883031e+005 2.048883e+007 -2.151744e+005 401461
2.048861e+007 -8.894465e+005 2.048861e+007 -2.160653e+005 401462
2.048839e+007 -8.905893e+005 2.048839e+007 -2.169558e+005 401463
2.048817e+007 -8.917314e+005 2.048818e+007 -2.178457e+005 401464
2.048796e+007 -8.928725e+005 2.048796e+007 -2.187349e+005 401465
2.048774e+007 -8.940126e+005 2.048774e+007 -2.196233e+005 401466
2.048752e+007 -8.951526e+005 2.048753e+007 -2.205116e+005 401467
2.048731e+007 -8.962920e+005 2.048731e+007 -2.213994e+005 401468
2.048709e+007 -8.974305e+005 2.048709e+007 -2.222866e+005 401469
2.048687e+007 -8.985693e+005 2.048687e+007 -2.231740e+005 401470
2.048666e+007 -8.997077e+005 2.048666e+007 -2.240611e+005 401471
2.048644e+007 -9.008444e+005 2.048644e+007 -2.249468e+005 401472
2.048601e+007 -9.031149e+005 2.048601e+007 -2.267160e+005 401474
2.048579e+007 -9.042491e+005 2.048579e+007 -2.275998e+005 401475
2.048558e+007 -9.053827e+005 2.048558e+007 -2.284831e+005 401476
2.048536e+007 -9.065164e+005 2.048536e+007 -2.293665e+005 401477
2.048515e+007 -9.076496e+005 2.048515e+007 -2.302495e+005 401478
2.048493e+007 -9.087821e+005 2.048493e+007 -2.311320e+005 401479
2.048471e+007 -9.099140e+005 2.048472e+007 -2.320139e+005 401480
2.048450e+007 -9.110452e+005 2.048450e+007 -2.328954e+005 401481
2.048428e+007 -9.121758e+005 2.048429e+007 -2.337764e+005 401482
2.048407e+007 -9.133057e+005 2.048407e+007 -2.346569e+005 401483
2.048364e+007 -9.155641e+005 2.048364e+007 -2.364166e+005 401485
2.048342e+007 -9.166924e+005 2.048343e+007 -2.372958e+005 401486
2.048321e+007 -9.178199e+005 2.048321e+007 -2.381744e+005 401487
2.048300e+007 -9.189472e+005 2.048300e+007 -2.390528e+005 401488
2.048257e+007 -9.212002e+005 2.048257e+007 -2.408084e+005 401490
2.048235e+007 -9.223245e+005 2.048235e+007 -2.416845e+005 401491
2.048214e+007 -9.234491e+005 2.048214e+007 -2.425608e+005 401492
2.048193e+007 -9.245729e+005 2.048193e+007 -2.434365e+005 401493
2.048150e+007 -9.268190e+005 2.048150e+007 -2.451867e+005 401495
2.048128e+007 -9.279413e+005 2.048129e+007 -2.460612e+005 401496
2.048107e+007 -9.290630e+005 2.048107e+007 -2.469352e+005 401497
2.048086e+007 -9.301836e+005 2.048086e+007 -2.478085e+005 401498
2.048064e+007 -9.313036e+005 2.048065e+007 -2.486811e+005 401499
2.048022e+007 -9.335424e+005 2.048022e+007 -2.504257e+005 401501
2.048001e+007 -9.346607e+005 2.048001e+007 -2.512971e+005 401502
2.047979e+007 -9.357784e+005 2.047979e+007 -2.521680e+005 401503
2.047958e+007 -9.368957e+005 2.047958e+007 -2.530386e+005 401504
2.047937e+007 -9.380119e+005 2.047937e+007 -2.539085e+005 401505
2.047916e+007 -9.391276e+005 2.047916e+007 -2.547778e+005 401506
2.047894e+007 -9.402429e+005 2.047894e+007 -2.556468e+005 401507
2.047873e+007 -9.413571e+005 2.047873e+007 -2.565151e+005 401508
2.047852e+007 -9.424709e+005 2.047852e+007 -2.573830e+005 401509
2.047831e+007 -9.435846e+005 2.047831e+007 -2.582507e+005 401510
2.047810e+007 -9.446977e+005 2.047810e+007 -2.591181e+005 401511
2.047788e+007 -9.458099e+005 2.047789e+007 -2.599848e+005 401512
2.047767e+007 -9.469210e+005 2.047767e+007 -2.608506e+005 401513
2.047725e+007 -9.491423e+005 2.047725e+007 -2.625814e+005 401515
2.047704e+007 -9.502526e+005 2.047704e+007 -2.634466e+005 401516
2.047683e+007 -9.513618e+005 2.047683e+007 -2.643109e+005 401517
2.047662e+007 -9.524705e+005 2.047662e+007 -2.651748e+005 401518
2.047641e+007 -9.535785e+005 2.047641e+007 -2.660382e+005 401519
2.047619e+007 -9.546855e+005 2.047620e+007 -2.669008e+005 401520
2.047598e+007 -9.557919e+005 2.047599e+007 -2.677630e+005 401521
2.047577e+007 -9.568978e+005 2.047578e+007 -2.686247e+005 401522
2.047556e+007 -9.580030e+005 2.047557e+007 -2.694859e+005 401523
2.047535e+007 -9.591079e+005 2.047535e+007 -2.703469e+005 401524
2.047514e+007 -9.602128e+005 2.047514e+007 -2.712078e+005 401525
2.047493e+007 -9.613169e+005 2.047493e+007 -2.720681e+005 401526
2.047472e+007 -9.624204e+005 2.047472e+007 -2.729280e+005 401527
2.047451e+007 -9.635232e+005 2.047451e+007 -2.737873e+005 401528
2.047430e+007 -9.646252e+005 2.047430e+007 -2.746460e+005 401529
2.047409e+007 -9.657265e+005 2.047410e+007 -2.755041e+005 401530
2.047388e+007 -9.668270e+005 2.047389e+007 -2.763617e+005 401531
2.047368e+007 -9.679268e+005 2.047368e+007 -2.772187e+005 401532
2.047347e+007 -9.690262e+005 2.047347e+007 -2.780753e+005 401533
2.047326e+007 -9.701249e+005 2.047326e+007 -2.789315e+005 401534
2.047305e+007 -9.712229e+005 2.047305e+007 -2.797871e+005 401535
2.047284e+007 -9.723205e+005 2.047284e+007 -2.806424e+005 401536
2.047263e+007 -9.734172e+005 2.047263e+007 -2.814969e+005 401537
2.047242e+007 -9.745128e+005 2.047242e+007 -2.823507e+005 401538
2.047221e+007 -9.756082e+005 2.047221e+007 -2.832042e+005 401539
2.047201e+007 -9.767032e+005 2.047201e+007 -2.840574e+005 401540
2.047159e+007 -9.788919e+005 2.047159e+007 -2.857629e+005 401542
2.047138e+007 -9.799854e+005 2.047138e+007 -2.866150e+005 401543
2.047117e+007 -9.810781e+005 2.047117e+007 -2.874664e+005 401544
2.047096e+007 -9.821701e+005 2.047097e+007 -2.883173e+005 401545
2.047076e+007 -9.832614e+005 2.047076e+007 -2.891677e+005 401546
2.047055e+007 -9.843518e+005 2.047055e+007 -2.900174e+005 401547
2.047034e+007 -9.854418e+005 2.047034e+007 -2.908667e+005 401548
2.047013e+007 -9.865312e+005 2.047014e+007 -2.917156e+005 401549
2.046972e+007 -9.887087e+005 2.046972e+007 -2.934123e+005 401551
2.046951e+007 -9.897970e+005 2.046951e+007 -2.942604e+005 401552
2.046931e+007 -9.908845e+005 2.046931e+007 -2.951078e+005 401553
2.046910e+007 -9.919707e+005 2.046910e+007 -2.959542e+005 401554
2.046869e+007 -9.941412e+005 2.046869e+007 -2.976454e+005 401556
2.046848e+007 -9.952258e+005 2.046848e+007 -2.984906e+005 401557
2.046827e+007 -9.963097e+005 2.046828e+007 -2.993352e+005 401558
2.046786e+007 -9.984758e+005 2.046786e+007 -3.010230e+005 401560
2.046766e+007 -9.995580e+005 2.046766e+007 -3.018663e+005 401561
2.046745e+007 -1.000639e+006 2.046745e+007 -3.027088e+005 401562
2.046724e+007 -1.001720e+006 2.046725e+007 -3.035509e+005 401563
2.046704e+007 -1.002800e+006 2.046704e+007 -3.043925e+005 401564
2.046683e+007 -1.003880e+006 2.046683e+007 -3.052340e+005 401565
2.046663e+007 -1.004959e+006 2.046663e+007 -3.060747e+005 401566
2.046642e+007 -1.006038e+006 2.046642e+007 -3.069153e+005 401567
2.046622e+007 -1.007116e+006 2.046622e+007 -3.077555e+005 401568
2.046601e+007 -1.008194e+006 2.046601e+007 -3.085954e+005 401569
2.046581e+007 -1.009271e+006 2.046581e+007 -3.094345e+005 401570
2.046560e+007 -1.010347e+006 2.046560e+007 -3.102730e+005 401571
2.046519e+007 -1.012497e+006 2.046520e+007 -3.119485e+005 401573
2.046499e+007 -1.013571e+006 2.046499e+007 -3.127855e+005 401574
2.046479e+007 -1.014645e+006 2.046479e+007 -3.136221e+005 401575
2.046458e+007 -1.015717e+006 2.046458e+007 -3.144581e+005 401576
2.046438e+007 -1.016790e+006 2.046438e+007 -3.152935e+005 401577
2.046417e+007 -1.017862e+006 2.046417e+007 -3.161290e+005 401578
2.046397e+007 -1.018933e+006 2.046397e+007 -3.169639e+005 401579
2.046377e+007 -1.020004e+006 2.046377e+007 -3.177979e+005 401580
2.046356e+007 -1.021074e+006 2.046356e+007 -3.186317e+005 401581
2.046336e+007 -1.022143e+006 2.046336e+007 -3.194649e+005 401582
2.046316e+007 -1.023211e+006 2.046316e+007 -3.202972e+005 401583
2.046295e+007 -1.024278e+006 2.046295e+007 -3.211288e+005 401584
2.046275e+007 -1.025345e+006 2.046275e+007 -3.219602e+005 401585
2.046255e+007 -1.026412e+006 2.046255e+007 -3.227912e+005 401586
2.046214e+007 -1.028543e+006 2.046214e+007 -3.244521e+005 401588
2.046194e+007 -1.029608e+006 2.046194e+007 -3.252820e+005 401589
2.046174e+007 -1.030673e+006 2.046174e+007 -3.261115e+005 401590
2.046153e+007 -1.031737e+006 2.046153e+007 -3.269405e+005 401591
2.046133e+007 -1.032800e+006 2.046133e+007 -3.277691e+005 401592
2.046093e+007 -1.034925e+006 2.046093e+007 -3.294250e+005 401594
2.046072e+007 -1.035987e+006 2.046073e+007 -3.302521e+005 401595
2.046032e+007 -1.038108e+006 2.046032e+007 -3.319051e+005 401597
2.046012e+007 -1.039168e+006 2.046012e+007 -3.327309e+005 401598
2.045992e+007 -1.040227e+006 2.045992e+007 -3.335561e+005 401599
2.045972e+007 -1.041285e+006 2.045972e+007 -3.343806e+005 401600
2.045951e+007 -1.042342e+006 2.045952e+007 -3.352043e+005 401601
2.045931e+007 -1.043398e+006 2.045931e+007 -3.360276e+005 401602
2.045911e+007 -1.044455e+006 2.045911e+007 -3.368506e+005 401603
2.045891e+007 -1.045511e+006 2.045891e+007 -3.376734e+005 401604
2.045851e+007 -1.047621e+006 2.045851e+007 -3.393177e+005 401606
2.045831e+007 -1.048675e+006 2.045831e+007 -3.401390e+005 401607
2.045811e+007 -1.049728e+006 2.045811e+007 -3.409595e+005 401608
2.045791e+007 -1.050780e+006 2.045791e+007 -3.417796e+005 401609
2.045771e+007 -1.051832e+006 2.045771e+007 -3.425996e+005 401610
2.045751e+007 -1.052884e+006 2.045751e+007 -3.434193e+005 401611
2.045731e+007 -1.053936e+006 2.045731e+007 -3.442383e+005 401612
2.045711e+007 -1.054986e+006 2.045711e+007 -3.450569e+005 401613
2.045691e+007 -1.056036e+006 2.045691e+007 -3.458750e+005 401614
2.045671e+007 -1.057085e+006 2.045671e+007 -3.466923e+005 401615
2.045651e+007 -1.058133e+006 2.045651e+007 -3.475092e+005 401616
2.045631e+007 -1.059181e+006 2.045631e+007 -3.483258e+005 401617
2.045611e+007 -1.060228e+006 2.045611e+007 -3.491419e+005 401618
2.045571e+007 -1.062320e+006 2.045571e+007 -3.507719e+005 401620
2.045551e+007 -1.063366e+006 2.045552e+007 -3.515864e+005 401621
2.045531e+007 -1.064411e+006 2.045532e+007 -3.524007e+005 401622
2.045512e+007 -1.065455e+006 2.045512e+007 -3.532146e+005 401623
2.045492e+007 -1.066499e+006 2.045492e+007 -3.540279e+005 401624
2.045472e+007 -1.067542e+006 2.045472e+007 -3.548404e+005 401625
2.045452e+007 -1.068584e+006 2.045452e+007 -3.556525e+005 401626
2.045432e+007 -1.069625e+006 2.045432e+007 -3.564639e+005 401627
2.045412e+007 -1.070666e+006 2.045413e+007 -3.572752e+005 401628
2.045393e+007 -1.071707e+006 2.045393e+007 -3.580860e+005 401629
2.045373e+007 -1.072746e+006 2.045373e+007 -3.588962e+005 401630
2.045353e+007 -1.073786e+006 2.045353e+007 -3.597059e+005 401631
2.045333e+007 -1.074824e+006 2.045333e+007 -3.605154e+005 401632
2.045314e+007 -1.075863e+006 2.045314e+007 -3.613243e+005 401633
2.045294e+007 -1.076900e+006 2.045294e+007 -3.621326e+005 401634
2.045254e+007 -1.078972e+006 2.045255e+007 -3.637475e+005 401636
2.045235e+007 -1.080008e+006 2.045235e+007 -3.645543e+005 401637
2.045215e+007 -1.081043e+006 2.045215e+007 -3.653610e+005 401638
2.045195e+007 -1.082078e+006 2.045195e+007 -3.661672e+005 401639
2.045176e+007 -1.083112e+006 2.045176e+007 -3.669730e+005 401640
2.045156e+007 -1.084145e+006 2.045156e+007 -3.677781e+005 401641
2.045136e+007 -1.085178e+006 2.045136e+007 -3.685827e+005 401642
2.045097e+007 -1.087240e+006 2.045097e+007 -3.701896e+005 401644
2.045077e+007 -1.088270e+006 2.045078e+007 -3.709922e+005 401645
2.045058e+007 -1.089300e+006 2.045058e+007 -3.717949e+005 401646
2.045038e+007 -1.090329e+006 2.045038e+007 -3.725970e+005 401647
2.045019e+007 -1.091358e+006 2.045019e+007 -3.733987e+005 401648
2.044999e+007 -1.092386e+006 2.044999e+007 -3.741999e+005 401649
2.044980e+007 -1.093414e+006 2.044980e+007 -3.750005e+005 401650
2.044960e+007 -1.094440e+006 2.044960e+007 -3.758005e+005 401651
2.044941e+007 -1.095467e+006 2.044941e+007 -3.766001e+005 401652
2.044921e+007 -1.096492e+006 2.044921e+007 -3.773995e+005 401653
2.044882e+007 -1.098542e+006 2.044882e+007 -3.789964e+005 401655
2.044843e+007 -1.100589e+006 2.044843e+007 -3.805915e+005 401657
2.044824e+007 -1.101611e+006 2.044824e+007 -3.813883e+005 401658
2.044804e+007 -1.102633e+006 2.044804e+007 -3.821846e+005 401659
2.044785e+007 -1.103655e+006 2.044785e+007 -3.829808e+005 401660
2.044765e+007 -1.104676e+006 2.044765e+007 -3.837764e+005 401661
2.044746e+007 -1.105696e+006 2.044746e+007 -3.845711e+005 401662
2.044707e+007 -1.107734e+006 2.044707e+007 -3.861592e+005 401664
2.044688e+007 -1.108752e+006 2.044688e+007 -3.869522e+005 401665
2.044668e+007 -1.109769e+006 2.044668e+007 -3.877448e+005 401666
2.044649e+007 -1.110786e+006 2.044649e+007 -3.885371e+005 401667
2.044630e+007 -1.111802e+006 2.044630e+007 -3.893290e+005 401668
2.044610e+007 -1.112818e+006 2.044610e+007 -3.901206e+005 401669
2.044591e+007 -1.113834e+006 2.044591e+007 -3.909121e+005 401670
2.044572e+007 -1.114849e+006 2.044572e+007 -3.917030e+005 401671
2.044552e+007 -1.115863e+006 2.044553e+007 -3.924932e+005 401672
2.044533e+007 -1.116876e+006 2.044533e+007 -3.932828e+005 401673
2.044514e+007 -1.117889e+006 2.044514e+007 -3.940719e+005 401674
2.044495e+007 -1.118901e+006 2.044495e+007 -3.948608e+005 401675
2.044475e+007 -1.119913e+006 2.044475e+007 -3.956493e+005 401676
2.044456e+007 -1.120924e+006 2.044456e+007 -3.964374e+005 401677
2.044437e+007 -1.121935e+006 2.044437e+007 -3.972248e+005 401678
2.044418e+007 -1.122945e+006 2.044418e+007 -3.980117e+005 401679
2.044398e+007 -1.123954e+006 2.044399e+007 -3.987981e+005 401680
2.044379e+007 -1.124963e+006 2.044379e+007 -3.995840e+005 401681
2.044360e+007 -1.125971e+006 2.044360e+007 -4.003694e+005 401682
2.044341e+007 -1.126978e+006 2.044341e+007 -4.011542e+005 401683
2.044322e+007 -1.127984e+006 2.044322e+007 -4.019382e+005 401684
2.044303e+007 -1.128990e+006 2.044303e+007 -4.027220e+005 401685
2.044283e+007 -1.129995e+006 2.044284e+007 -4.035055e+005 401686
2.044264e+007 -1.131000e+006 2.044264e+007 -4.042881e+005 401687
2.044245e+007 -1.132003e+006 2.044245e+007 -4.050703e+005 401688
2.044226e+007 -1.133007e+006 2.044226e+007 -4.058521e+005 401689
2.044207e+007 -1.134009e+006 2.044207e+007 -4.066332e+005 401690
2.044188e+007 -1.135011e+006 2.044188e+007 -4.074138e+005 401691
2.044169e+007 -1.136012e+006 2.044169e+007 -4.081941e+005 401692
2.044150e+007 -1.137013e+006 2.044150e+007 -4.089741e+005 401693
2.044131e+007 -1.138014e+006 2.044131e+007 -4.097535e+005 401694
2.044112e+007 -1.139013e+006 2.044112e+007 -4.105326e+005 401695
2.044093e+007 -1.140013e+006 2.044093e+007 -4.113115e+005 401696
2.044074e+007 -1.141012e+006 2.044074e+007 -4.120901e+005 401697
2.044055e+007 -1.142010e+006 2.044055e+007 -4.128678e+005 401698
2.044036e+007 -1.143007e+006 2.044036e+007 -4.136447e+005 401699
2.044017e+007 -1.144004e+006 2.044017e+007 -4.144211e+005 401700
2.043998e+007 -1.145000e+006 2.043998e+007 -4.151971e+005 401701
2.043979e+007 -1.145995e+006 2.043979e+007 -4.159727e+005 401702
2.043960e+007 -1.146990e+006 2.043960e+007 -4.167481e+005 401703
2.043941e+007 -1.147985e+006 2.043941e+007 -4.175231e+005 401704
2.043922e+007 -1.148978e+006 2.043922e+007 -4.182975e+005 401705
2.043884e+007 -1.150964e+006 2.043885e+007 -4.198448e+005 401707
2.043866e+007 -1.151956e+006 2.043866e+007 -4.206176e+005 401708
2.043847e+007 -1.152947e+006 2.043847e+007 -4.213900e+005 401709
2.043828e+007 -1.153938e+006 2.043828e+007 -4.221620e+005 401710
2.043809e+007 -1.154928e+006 2.043809e+007 -4.229337e+005 401711
2.043790e+007 -1.155918e+006 2.043790e+007 -4.237048e+005 401712
2.043771e+007 -1.156906e+006 2.043771e+007 -4.244751e+005 401713
2.043753e+007 -1.157894e+006 2.043753e+007 -4.252450e+005 401714
2.043734e+007 -1.158882e+006 2.043734e+007 -4.260144e+005 401715
2.043715e+007 -1.159869e+006 2.043715e+007 -4.267834e+005 401716
2.043696e+007 -1.160855e+006 2.043696e+007 -4.275523e+005 401717
2.043677e+007 -1.161841e+006 2.043678e+007 -4.283205e+005 401718
2.043659e+007 -1.162826e+006 2.043659e+007 -4.290880e+005 401719
2.043640e+007 -1.163811e+006 2.043640e+007 -4.298551e+005 401720
2.043603e+007 -1.165777e+006 2.043603e+007 -4.313873e+005 401722
2.043584e+007 -1.166759e+006 2.043584e+007 -4.321529e+005 401723
2.043565e+007 -1.167742e+006 2.043565e+007 -4.329183e+005 401724
2.043546e+007 -1.168723e+006 2.043547e+007 -4.336831e+005 401725
2.043528e+007 -1.169704e+006 2.043528e+007 -4.344474e+005 401726
2.043491e+007 -1.171664e+006 2.043491e+007 -4.359746e+005 401728
2.043472e+007 -1.172643e+006 2.043472e+007 -4.367375e+005 401729
2.043435e+007 -1.174598e+006 2.043435e+007 -4.382612e+005 401731
2.043416e+007 -1.175575e+006 2.043416e+007 -4.390224e+005 401732
2.043397e+007 -1.176552e+006 2.043398e+007 -4.397832e+005 401733
2.043379e+007 -1.177528e+006 2.043379e+007 -4.405437e+005 401734
2.043360e+007 -1.178503e+006 2.043360e+007 -4.413036e+005 401735
2.043342e+007 -1.179477e+006 2.043342e+007 -4.420628e+005 401736
2.043323e+007 -1.180451e+006 2.043323e+007 -4.428214e+005 401737
2.043305e+007 -1.181424e+006 2.043305e+007 -4.435798e+005 401738
2.043286e+007 -1.182397e+006 2.043286e+007 -4.443376e+005 401739
2.043268e+007 -1.183368e+006 2.043268e+007 -4.450949e+005 401740
2.043249e+007 -1.184340e+006 2.043249e+007 -4.458518e+005 401741
2.043231e+007 -1.185311e+006 2.043231e+007 -4.466086e+005 401742
2.043212e+007 -1.186281e+006 2.043212e+007 -4.473646e+005 401743
2.043194e+007 -1.187251e+006 2.043194e+007 -4.481203e+005 401744
2.043175e+007 -1.188220e+006 2.043176e+007 -4.488756e+005 401745
2.043157e+007 -1.189189e+006 2.043157e+007 -4.496303e+005 401746
2.043139e+007 -1.190156e+006 2.043139e+007 -4.503843e+005 401747
2.043120e+007 -1.191124e+006 2.043120e+007 -4.511379e+005 401748
2.043102e+007 -1.192090e+006 2.043102e+007 -4.518910e+005 401749
2.043083e+007 -1.193056e+006 2.043084e+007 -4.526439e+005 401750
2.043065e+007 -1.194022e+006 2.043065e+007 -4.533962e+005 401751
2.043028e+007 -1.195951e+006 2.043028e+007 -4.548997e+005 401753
2.043010e+007 -1.196915e+006 2.043010e+007 -4.556508e+005 401754
2.042992e+007 -1.197878e+006 2.042992e+007 -4.564014e+005 401755
2.042973e+007 -1.198841e+006 2.042973e+007 -4.571511e+005 401756
2.042955e+007 -1.199802e+006 2.042955e+007 -4.579001e+005 401757
2.042937e+007 -1.200762e+006 2.042937e+007 -4.586484e+005 401758
2.042919e+007 -1.201722e+006 2.042919e+007 -4.593963e+005 401759
2.042900e+007 -1.202682e+006 2.042900e+007 -4.601441e+005 401760
2.042882e+007 -1.203640e+006 2.042882e+007 -4.608913e+005 401761
2.042864e+007 -1.204599e+006 2.042864e+007 -4.616381e+005 401762
2.042846e+007 -1.205557e+006 2.042846e+007 -4.623848e+005 401763
2.042809e+007 -1.207471e+006 2.042809e+007 -4.638761e+005 401765
2.042791e+007 -1.208427e+006 2.042791e+007 -4.646208e+005 401766
2.042773e+007 -1.209382e+006 2.042773e+007 -4.653652e+005 401767
2.042755e+007 -1.210337e+006 2.042755e+007 -4.661094e+005 401768
2.042736e+007 -1.211292e+006 2.042737e+007 -4.668531e+005 401769
2.042718e+007 -1.212245e+006 2.042718e+007 -4.675964e+005 401770
2.042700e+007 -1.213199e+006 2.042700e+007 -4.683393e+005 401771
2.042682e+007 -1.214151e+006 2.042682e+007 -4.690816e+005 401772
2.042664e+007 -1.215103e+006 2.042664e+007 -4.698234e+005 401773
2.042646e+007 -1.216055e+006 2.042646e+007 -4.705649e+005 401774
2.042628e+007 -1.217006e+006 2.042628e+007 -4.713060e+005 401775
2.042610e+007 -1.217956e+006 2.042610e+007 -4.720462e+005 401776
2.042592e+007 -1.218905e+006 2.042592e+007 -4.727857e+005 401777
2.042573e+007 -1.219854e+006 2.042574e+007 -4.735251e+005 401778
2.042555e+007 -1.220802e+006 2.042556e+007 -4.742640e+005 401779
2.042537e+007 -1.221749e+006 2.042538e+007 -4.750020e+005 401780
2.042519e+007 -1.222696e+006 2.042520e+007 -4.757394e+005 401781
2.042483e+007 -1.224587e+006 2.042484e+007 -4.772134e+005 401783
2.042465e+007 -1.225532e+006 2.042466e+007 -4.779492e+005 401784
2.042447e+007 -1.226475e+006 2.042448e+007 -4.786841e+005 401785
2.042430e+007 -1.227418e+006 2.042430e+007 -4.794188e+005 401786
2.042412e+007 -1.228360e+006 2.042412e+007 -4.801535e+005 401787
2.042394e+007 -1.229303e+006 2.042394e+007 -4.808878e+005 401788
2.042376e+007 -1.230244e+006 2.042376e+007 -4.816216e+005 401789
2.042358e+007 -1.231186e+006 2.042358e+007 -4.823551e+005 401790
2.042340e+007 -1.232126e+006 2.042340e+007 -4.830881e+005 401791
2.042322e+007 -1.233067e+006 2.042322e+007 -4.838208e+005 401792
2.042304e+007 -1.234007e+006 2.042304e+007 -4.845533e+005 401793
2.042286e+007 -1.234946e+006 2.042286e+007 -4.852850e+005 401794
2.042268e+007 -1.235884e+006 2.042269e+007 -4.860160e+005 401795
2.042251e+007 -1.236822e+006 2.042251e+007 -4.867468e+005 401796
2.042233e+007 -1.237759e+006 2.042233e+007 -4.874768e+005 401797
2.042215e+007 -1.238695e+006 2.042215e+007 -4.882062e+005 401798
2.042197e+007 -1.239630e+006 2.042197e+007 -4.889353e+005 401799
2.042179e+007 -1.240566e+006 2.042179e+007 -4.896641e+005 401800
2.042162e+007 -1.241500e+006 2.042162e+007 -4.903925e+005 401801
2.042144e+007 -1.242435e+006 2.042144e+007 -4.911204e+005 401802
2.042126e+007 -1.243368e+006 2.042126e+007 -4.918477e+005 401803
2.042108e+007 -1.244301e+006 2.042108e+007 -4.925747e+005 401804
2.042091e+007 -1.245233e+006 2.042091e+007 -4.933013e+005 401805
2.042073e+007 -1.246165e+006 2.042073e+007 -4.940270e+005 401806
2.042055e+007 -1.247095e+006 2.042055e+007 -4.947521e+005 401807
2.042037e+007 -1.248025e+006 2.042038e+007 -4.954767e+005 401808
2.042020e+007 -1.248955e+006 2.042020e+007 -4.962010e+005 401809
2.042002e+007 -1.249883e+006 2.042002e+007 -4.969247e+005 401810
2.041984e+007 -1.250812e+006 2.041984e+007 -4.976483e+005 401811
2.041967e+007 -1.251740e+006 2.041967e+007 -4.983711e+005 401812
2.041949e+007 -1.252667e+006 2.041949e+007 -4.990933e+005 401813
2.041931e+007 -1.253593e+006 2.041932e+007 -4.998151e+005 401814
2.041914e+007 -1.254519e+006 2.041914e+007 -5.005367e+005 401815
2.041896e+007 -1.255444e+006 2.041896e+007 -5.012578e+005 401816
2.041879e+007 -1.256369e+006 2.041879e+007 -5.019786e+005 401817
2.041861e+007 -1.257293e+006 2.041861e+007 -5.026987e+005 401818
2.041843e+007 -1.258217e+006 2.041844e+007 -5.034183e+005 401819
2.041826e+007 -1.259140e+006 2.041826e+007 -5.041375e+005 401820
2.041808e+007 -1.260062e+006 2.041808e+007 -5.048563e+005 401821
2.041791e+007 -1.260984e+006 2.041791e+007 -5.055742e+005 401822
2.041773e+007 -1.261904e+006 2.041773e+007 -5.062916e+005 401823
2.041756e+007 -1.262825e+006 2.041756e+007 -5.070087e+005 401824
2.041738e+007 -1.263744e+006 2.041738e+007 -5.077251e+005 401825
2.041721e+007 -1.264663e+006 2.041721e+007 -5.084409e+005 401826
2.041703e+007 -1.265581e+006 2.041703e+007 -5.091564e+005 401827
2.041686e+007 -1.266499e+006 2.041686e+007 -5.098719e+005 401828
2.041651e+007 -1.268334e+006 2.041651e+007 -5.113016e+005 401830
2.041634e+007 -1.269250e+006 2.041634e+007 -5.120152e+005 401831
2.041616e+007 -1.270166e+006 2.041616e+007 -5.127290e+005 401832
2.041599e+007 -1.271081e+006 2.041599e+007 -5.134420e+005 401833
2.041581e+007 -1.271995e+006 2.041581e+007 -5.141542e+005 401834
2.041564e+007 -1.272908e+006 2.041564e+007 -5.148661e+005 401835
2.041547e+007 -1.273821e+006 2.041547e+007 -5.155775e+005 401836
2.041529e+007 -1.274733e+006 2.041529e+007 -5.162883e+005 401837
2.041494e+007 -1.276557e+006 2.041495e+007 -5.177089e+005 401839
2.041477e+007 -1.277467e+006 2.041477e+007 -5.184186e+005 401840
2.041460e+007 -1.278377e+006 2.041460e+007 -5.191278e+005 401841
2.041442e+007 -1.279287e+006 2.041443e+007 -5.198366e+005 401842
2.041425e+007 -1.280196e+006 2.041425e+007 -5.205448e+005 401843
2.041408e+007 -1.281104e+006 2.041408e+007 -5.212524e+005 401844
2.041391e+007 -1.282012e+006 2.041391e+007 -5.219597e+005 401845
2.041373e+007 -1.282919e+006 2.041374e+007 -5.226665e+005 401846
2.041356e+007 -1.283825e+006 2.041356e+007 -5.233726e+005 401847
2.041339e+007 -1.284730e+006 2.041339e+007 -5.240780e+005 401848
2.041322e+007 -1.285635e+006 2.041322e+007 -5.247833e+005 401849
2.041287e+007 -1.287443e+006 2.041287e+007 -5.261917e+005 401851
2.041270e+007 -1.288346e+006 2.041270e+007 -5.268956e+005 401852
2.041253e+007 -1.289249e+006 2.041253e+007 -5.275991e+005 401853
2.041236e+007 -1.290151e+006 2.041236e+007 -5.283018e+005 401854
2.041219e+007 -1.291052e+006 2.041219e+007 -5.290038e+005 401855
2.041201e+007 -1.291952e+006 2.041202e+007 -5.297053e+005 401856
2.041184e+007 -1.292852e+006 2.041184e+007 -5.304065e+005 401857
2.041167e+007 -1.293751e+006 2.041167e+007 -5.311072e+005 401858
2.041150e+007 -1.294649e+006 2.041150e+007 -5.318073e+005 401859
2.041133e+007 -1.295548e+006 2.041133e+007 -5.325072e+005 401860
2.041116e+007 -1.296446e+006 2.041116e+007 -5.332069e+005 401861
2.041099e+007 -1.297343e+006 2.041099e+007 -5.339060e+005 401862
2.041082e+007 -1.298239e+006 2.041082e+007 -5.346045e+005 401863
2.041065e+007 -1.299135e+006 2.041065e+007 -5.353026e+005 401864
2.041048e+007 -1.300030e+006 2.041048e+007 -5.360000e+005 401865
2.041031e+007 -1.300925e+006 2.041031e+007 -5.366969e+005 401866
2.041014e+007 -1.301819e+006 2.041014e+007 -5.373936e+005 401867
2.040997e+007 -1.302712e+006 2.040997e+007 -5.380896e+005 401868
2.040980e+007 -1.303604e+006 2.040980e+007 -5.387851e+005 401869
2.040963e+007 -1.304496e+006 2.040963e+007 -5.394800e+005 401870
2.040946e+007 -1.305387e+006 2.040946e+007 -5.401742e+005 401871
2.040929e+007 -1.306278e+006 2.040929e+007 -5.408682e+005 401872
2.040895e+007 -1.308057e+006 2.040895e+007 -5.422547e+005 401874
2.040878e+007 -1.308946e+006 2.040878e+007 -5.429474e+005 401875
2.040861e+007 -1.309834e+006 2.040861e+007 -5.436396e+005 401876
2.040844e+007 -1.310722e+006 2.040844e+007 -5.443315e+005 401877
2.040811e+007 -1.312497e+006 2.040811e+007 -5.457141e+005 401879
2.040794e+007 -1.313383e+006 2.040794e+007 -5.464044e+005 401880
2.040777e+007 -1.314268e+006 2.040777e+007 -5.470944e+005 401881
2.040743e+007 -1.316036e+006 2.040743e+007 -5.484724e+005 401883
2.040726e+007 -1.316920e+006 2.040726e+007 -5.491608e+005 401884
2.040710e+007 -1.317803e+006 2.040710e+007 -5.498486e+005 401885
2.040693e+007 -1.318684e+006 2.040693e+007 -5.505356e+005 401886
2.040676e+007 -1.319566e+006 2.040676e+007 -5.512224e+005 401887
2.040659e+007 -1.320446e+006 2.040659e+007 -5.519087e+005 401888
2.040642e+007 -1.321327e+006 2.040643e+007 -5.525946e+005 401889
2.040626e+007 -1.322206e+006 2.040626e+007 -5.532800e+005 401890
2.040609e+007 -1.323085e+006 2.040609e+007 -5.539649e+005 401891
2.040592e+007 -1.323963e+006 2.040592e+007 -5.546492e+005 401892
2.040576e+007 -1.324841e+006 2.040576e+007 -5.553332e+005 401893
2.040559e+007 -1.325718e+006 2.040559e+007 -5.560166e+005 401894
2.040542e+007 -1.326595e+006 2.040542e+007 -5.566996e+005 401895
2.040526e+007 -1.327471e+006 2.040526e+007 -5.573820e+005 401896
2.040509e+007 -1.328346e+006 2.040509e+007 -5.580639e+005 401897
2.040492e+007 -1.329220e+006 2.040492e+007 -5.587455e+005 401898
2.040476e+007 -1.330095e+006 2.040476e+007 -5.594269e+005 401899
2.040459e+007 -1.330968e+006 2.040459e+007 -5.601076e+005 401900
2.040442e+007 -1.331841e+006 2.040443e+007 -5.607877e+005 401901
2.040426e+007 -1.332713e+006 2.040426e+007 -5.614673e+005 401902
2.040409e+007 -1.333585e+006 2.040409e+007 -5.621463e+005 401903
2.040393e+007 -1.334456e+006 2.040393e+007 -5.628254e+005 401904
2.040376e+007 -1.335327e+006 2.040376e+007 -5.635040e+005 401905
2.040360e+007 -1.336197e+006 2.040360e+007 -5.641823e+005 401906
2.040343e+007 -1.337067e+006 2.040343e+007 -5.648598e+005 401907
2.040310e+007 -1.338803e+006 2.040310e+007 -5.662127e+005 401909
2.040293e+007 -1.339670e+006 2.040294e+007 -5.668885e+005 401910
2.040277e+007 -1.340537e+006 2.040277e+007 -5.675637e+005 401911
2.040260e+007 -1.341403e+006 2.040261e+007 -5.682385e+005 401912
2.040244e+007 -1.342268e+006 2.040244e+007 -5.689127e+005 401913
2.040228e+007 -1.343133e+006 2.040228e+007 -5.695865e+005 401914
2.040211e+007 -1.343997e+006 2.040211e+007 -5.702598e+005 401915
2.040195e+007 -1.344861e+006 2.040195e+007 -5.709329e+005 401916
2.040178e+007 -1.345724e+006 2.040178e+007 -5.716053e+005 401917
2.040162e+007 -1.346586e+006 2.040162e+007 -5.722772e+005 401918
2.040145e+007 -1.347448e+006 2.040146e+007 -5.729487e+005 401919
2.040129e+007 -1.348309e+006 2.040129e+007 -5.736195e+005 401920
2.040113e+007 -1.349169e+006 2.040113e+007 -5.742900e+005 401921
2.040096e+007 -1.350029e+006 2.040096e+007 -5.749603e+005 401922
2.040080e+007 -1.350889e+006 2.040080e+007 -5.756299e+005 401923
2.040064e+007 -1.351747e+006 2.040064e+007 -5.762990e+005 401924
2.040047e+007 -1.352605e+006 2.040047e+007 -5.769675e+005 401925
2.040031e+007 -1.353463e+006 2.040031e+007 -5.776356e+005 401926
2.040015e+007 -1.354319e+006 2.040015e+007 -5.783030e+005 401927
2.039998e+007 -1.355175e+006 2.039999e+007 -5.789696e+005 401928
2.039982e+007 -1.356030e+006 2.039982e+007 -5.796359e+005 401929
2.039966e+007 -1.356885e+006 2.039966e+007 -5.803021e+005 401930
2.039950e+007 -1.357739e+006 2.039950e+007 -5.809677e+005 401931
2.039917e+007 -1.359446e+006 2.039917e+007 -5.822980e+005 401933
2.039901e+007 -1.360299e+006 2.039901e+007 -5.829626e+005 401934
2.039885e+007 -1.361151e+006 2.039885e+007 -5.836262e+005 401935
2.039868e+007 -1.362001e+006 2.039869e+007 -5.842892e+005 401936
2.039852e+007 -1.362852e+006 2.039852e+007 -5.849518e+005 401937
2.039836e+007 -1.363702e+006 2.039836e+007 -5.856143e+005 401938
2.039820e+007 -1.364551e+006 2.039820e+007 -5.862762e+005 401939
2.039804e+007 -1.365401e+006 2.039804e+007 -5.869381e+005 401940
2.039788e+007 -1.366250e+006 2.039788e+007 -5.875994e+005 401941
2.039772e+007 -1.367097e+006 2.039772e+007 -5.882601e+005 401942
2.039755e+007 -1.367945e+006 2.039756e+007 -5.889202e+005 401943
2.039739e+007 -1.368791e+006 2.039739e+007 -5.895800e+005 401944
2.039723e+007 -1.369638e+006 2.039723e+007 -5.902394e+005 401945
2.039707e+007 -1.370483e+006 2.039707e+007 -5.908982e+005 401946
2.039691e+007 -1.371328e+006 2.039691e+007 -5.915565e+005 401947
2.039675e+007 -1.372172e+006 2.039675e+007 -5.922141e+005 401948
2.039659e+007 -1.373014e+006 2.039659e+007 -5.928708e+005 401949
2.039643e+007 -1.373857e+006 2.039643e+007 -5.935270e+005 401950
2.039627e+007 -1.374699e+006 2.039627e+007 -5.941831e+005 401951
2.039611e+007 -1.375540e+006 2.039611e+007 -5.948384e+005 401952
2.039595e+007 -1.376380e+006 2.039595e+007 -5.954931e+005 401953
2.039579e+007 -1.377219e+006 2.039579e+007 -5.961474e+005 401954
2.039563e+007 -1.378058e+006 2.039563e+007 -5.968011e+005 401955
2.039547e+007 -1.378897e+006 2.039547e+007 -5.974546e+005 401956
2.039531e+007 -1.379735e+006 2.039531e+007 -5.981079e+005 401957
2.039515e+007 -1.380573e+006 2.039515e+007 -5.987607e+005 401958
2.039499e+007 -1.381410e+006 2.039499e+007 -5.994128e+005 401959
2.039483e+007 -1.382246e+006 2.039483e+007 -6.000642e+005 401960
2.039467e+007 -1.383081e+006 2.039467e+007 -6.007152e+005 401961
2.039451e+007 -1.383916e+006 2.039452e+007 -6.013654e+005 401962
2.039436e+007 -1.384750e+006 2.039436e+007 -6.020152e+005 401963
2.039420e+007 -1.385583e+006 2.039420e+007 -6.026647e+005 401964
2.039404e+007 -1.386413e+006 2.039404e+007 -6.033108e+005 401965
2.039388e+007 -1.387237e+006 2.039388e+007 -6.039529e+005 401966
2.039373e+007 -1.388062e+006 2.039373e+007 -6.045959e+005 401967
2.039357e+007 -1.388888e+006 2.039357e+007 -6.052398e+005 401968
2.039341e+007 -1.389715e+006 2.039341e+007 -6.058840e+005 401969
2.039325e+007 -1.390542e+006 2.039326e+007 -6.065285e+005 401970
2.039310e+007 -1.391369e+006 2.039310e+007 -6.071733e+005 401971
2.039294e+007 -1.392197e+006 2.039294e+007 -6.078181e+005 401972
2.039278e+007 -1.393024e+006 2.039278e+007 -6.084629e+005 401973
2.039262e+007 -1.393852e+006 2.039263e+007 -6.091079e+005 401974
2.039247e+007 -1.394680e+006 2.039247e+007 -6.097530e+005 401975
2.039215e+007 -1.396335e+006 2.039215e+007 -6.110424e+005 401977
2.039199e+007 -1.397161e+006 2.039200e+007 -6.116864e+005 401978
2.039184e+007 -1.397987e+006 2.039184e+007 -6.123298e+005 401979
2.039168e+007 -1.398812e+006 2.039168e+007 -6.129725e+005 401980
2.039152e+007 -1.399636e+006 2.039152e+007 -6.136146e+005 401981
2.039137e+007 -1.400459e+006 2.039137e+007 -6.142563e+005 401982
2.039121e+007 -1.401282e+006 2.039121e+007 -6.148974e+005 401983
2.039105e+007 -1.402104e+006 2.039105e+007 -6.155377e+005 401984
2.039090e+007 -1.402925e+006 2.039090e+007 -6.161776e+005 401985
2.039074e+007 -1.403746e+006 2.039074e+007 -6.168172e+005 401986
2.039059e+007 -1.404565e+006 2.039059e+007 -6.174559e+005 401987
2.039043e+007 -1.405384e+006 2.039043e+007 -6.180941e+005 401988
2.039027e+007 -1.406203e+006 2.039027e+007 -6.187321e+005 401989
2.039012e+007 -1.407021e+006 2.039012e+007 -6.193693e+005 401990
2.038996e+007 -1.407838e+006 2.038996e+007 -6.200062e+005 401991
2.038981e+007 -1.408655e+006 2.038981e+007 -6.206422e+005 401992
2.038965e+007 -1.409471e+006 2.038965e+007 -6.212781e+005 401993
2.038950e+007 -1.410286e+006 2.038950e+007 -6.219133e+005 401994
2.038934e+007 -1.411100e+006 2.038934e+007 -6.225478e+005 401995
2.038919e+007 -1.411914e+006 2.038919e+007 -6.231820e+005 401996
2.038903e+007 -1.412727e+006 2.038903e+007 -6.238159e+005 401997
2.038888e+007 -1.413541e+006 2.038888e+007 -6.244495e+005 401998
2.038872e+007 -1.414353e+006 2.038872e+007 -6.250827e+005 401999
2.038857e+007 -1.415165e+006 2.038857e+007 -6.257157e+005 402000
2.038841e+007 -1.415977e+006 2.038841e+007 -6.263479e+005 402001
2.038826e+007 -1.416787e+006 2.038826e+007 -6.269795e+005 402002
2.038811e+007 -1.417597e+006 2.038811e+007 -6.276107e+005 402003
2.038795e+007 -1.418407e+006 2.038795e+007 -6.282416e+005 402004
2.038780e+007 -1.419216e+006 2.038780e+007 -6.288719e+005 402005
2.038764e+007 -1.420024e+006 2.038764e+007 -6.295016e+005 402006
2.038749e+007 -1.420832e+006 2.038749e+007 -6.301312e+005 402007
2.038734e+007 -1.421639e+006 2.038734e+007 -6.307602e+005 402008
2.038718e+007 -1.422446e+006 2.038718e+007 -6.313885e+005 402009
2.038703e+007 -1.423251e+006 2.038703e+007 -6.320163e+005 402010
2.038688e+007 -1.424056e+006 2.038688e+007 -6.326436e+005 402011
2.038672e+007 -1.424860e+006 2.038672e+007 -6.332702e+005 402012
2.038657e+007 -1.425664e+006 2.038657e+007 -6.338962e+005 402013
2.038642e+007 -1.426467e+006 2.038642e+007 -6.345218e+005 402014
2.038626e+007 -1.427269e+006 2.038627e+007 -6.351467e+005 402015
2.038611e+007 -1.428070e+006 2.038611e+007 -6.357712e+005 402016
2.038596e+007 -1.428871e+006 2.038596e+007 -6.363953e+005 402017
2.038581e+007 -1.429672e+006 2.038581e+007 -6.370194e+005 402018
2.038566e+007 -1.430472e+006 2.038566e+007 -6.376430e+005 402019
2.038550e+007 -1.431272e+006 2.038550e+007 -6.382661e+005 402020
2.038535e+007 -1.432071e+006 2.038535e+007 -6.388887e+005 402021
2.038520e+007 -1.432869e+006 2.038520e+007 -6.395108e+005 402022
2.038505e+007 -1.433667e+006 2.038505e+007 -6.401322e+005 402023
2.038490e+007 -1.434464e+006 2.038490e+007 -6.407532e+005 402024
2.038474e+007 -1.435260e+006 2.038475e+007 -6.413737e+005 402025
2.038459e+007 -1.436056e+006 2.038459e+007 -6.419936e+005 402026
2.038444e+007 -1.436851e+006 2.038444e+007 -6.426131e+005 402027
2.038429e+007 -1.437645e+006 2.038429e+007 -6.432322e+005 402028
2.038414e+007 -1.438439e+006 2.038414e+007 -6.438507e+005 402029
2.038399e+007 -1.439232e+006 2.038399e+007 -6.444685e+005 402030
2.038384e+007 -1.440024e+006 2.038384e+007 -6.450858e+005 402031
2.038369e+007 -1.440816e+006 2.038369e+007 -6.457028e+005 402032
2.038354e+007 -1.441607e+006 2.038354e+007 -6.463194e+005 402033
2.038339e+007 -1.442397e+006 2.038339e+007 -6.469354e+005 402034
2.038324e+007 -1.443188e+006 2.038324e+007 -6.475511e+005 402035
2.038309e+007 -1.443978e+006 2.038309e+007 -6.481666e+005 402036
2.038294e+007 -1.444767e+006 2.038294e+007 -6.487815e+005 402037
2.038279e+007 -1.445555e+006 2.038279e+007 -6.493957e+005 402038
2.038264e+007 -1.446343e+006 2.038264e+007 -6.500095e+005 402039
2.038249e+007 -1.447130e+006 2.038249e+007 -6.506229e+005 402040
2.038234e+007 -1.447916e+006 2.038234e+007 -6.512356e+005 402041
2.038219e+007 -1.448702e+006 2.038219e+007 -6.518480e+005 402042
2.038204e+007 -1.449487e+006 2.038204e+007 -6.524600e+005 402043
2.038189e+007 -1.450272e+006 2.038189e+007 -6.530714e+005 402044
2.038174e+007 -1.451056e+006 2.038174e+007 -6.536825e+005 402045
2.038159e+007 -1.451840e+006 2.038159e+007 -6.542932e+005 402046
2.038144e+007 -1.452623e+006 2.038144e+007 -6.549033e+005 402047
2.038129e+007 -1.453405e+006 2.038129e+007 -6.555128e+005 402048
2.038114e+007 -1.454187e+006 2.038114e+007 -6.561217e+005 402049
2.038099e+007 -1.454968e+006 2.038100e+007 -6.567302e+005 402050
2.038085e+007 -1.455748e+006 2.038085e+007 -6.573383e+005 402051
2.038070e+007 -1.456528e+006 2.038070e+007 -6.579459e+005 402052
2.038055e+007 -1.457307e+006 2.038055e+007 -6.585530e+005 402053
2.038040e+007 -1.458085e+006 2.038040e+007 -6.591593e+005 402054
2.038025e+007 -1.458862e+006 2.038025e+007 -6.597651e+005 402055
2.038010e+007 -1.459640e+006 2.038011e+007 -6.603708e+005 402056
2.037996e+007 -1.460416e+006 2.037996e+007 -6.609760e+005 402057
2.037981e+007 -1.461192e+006 2.037981e+007 -6.615807e+005 402058
2.037966e+007 -1.461968e+006 2.037966e+007 -6.621849e+005 402059
2.037951e+007 -1.462743e+006 2.037952e+007 -6.627889e+005 402060
2.037937e+007 -1.463517e+006 2.037937e+007 -6.633921e+005 402061
2.037922e+007 -1.464290e+006 2.037922e+007 -6.639948e+005 402062
2.037907e+007 -1.465063e+006 2.037907e+007 -6.645971e+005 402063
2.037893e+007 -1.465836e+006 2.037893e+007 -6.651991e+005 402064
2.037878e+007 -1.466607e+006 2.037878e+007 -6.658001e+005 402065
2.037863e+007 -1.467378e+006 2.037863e+007 -6.664009e+005 402066
2.037849e+007 -1.468149e+006 2.037849e+007 -6.670013e+005 402067
2.037834e+007 -1.468918e+006 2.037834e+007 -6.676011e+005 402068
2.037819e+007 -1.469688e+006 2.037819e+007 -6.682005e+005 402069
2.037805e+007 -1.470457e+006 2.037805e+007 -6.687999e+005 402070
2.037790e+007 -1.471225e+006 2.037790e+007 -6.693986e+005 402071
2.037775e+007 -1.471992e+006 2.037776e+007 -6.699964e+005 402072
2.037761e+007 -1.472759e+006 2.037761e+007 -6.705939e+005 402073
2.037746e+007 -1.473525e+006 2.037746e+007 -6.711907e+005 402074
2.037732e+007 -1.474291e+006 2.037732e+007 -6.717874e+005 402075
2.037717e+007 -1.475056e+006 2.037717e+007 -6.723838e+005 402076
2.037703e+007 -1.475821e+006 2.037703e+007 -6.729798e+005 402077
2.037688e+007 -1.476585e+006 2.037688e+007 -6.735749e+005 402078
2.037673e+007 -1.477348e+006 2.037674e+007 -6.741693e+005 402079
2.037659e+007 -1.478110e+006 2.037659e+007 -6.747632e+005 402080
2.037644e+007 -1.478872e+006 2.037645e+007 -6.753568e+005 402081
2.037630e+007 -1.479633e+006 2.037630e+007 -6.759500e+005 402082
2.037616e+007 -1.480393e+006 2.037616e+007 -6.765426e+005 402083
2.037601e+007 -1.481153e+006 2.037601e+007 -6.771348e+005 402084
2.037587e+007 -1.481913e+006 2.037587e+007 -6.777263e+005 402085
2.037572e+007 -1.482671e+006 2.037572e+007 -6.783174e+005 402086
2.037558e+007 -1.483429e+006 2.037558e+007 -6.789082e+005 402087
2.037543e+007 -1.484187e+006 2.037544e+007 -6.794985e+005 402088
2.037529e+007 -1.484944e+006 2.037529e+007 -6.800883e+005 402089
2.037515e+007 -1.485700e+006 2.037515e+007 -6.806777e+005 402090
2.037500e+007 -1.486456e+006 2.037500e+007 -6.812669e+005 402091
2.037486e+007 -1.487212e+006 2.037486e+007 -6.818555e+005 402092
2.037471e+007 -1.487966e+006 2.037472e+007 -6.824436e+005 402093
2.037457e+007 -1.488720e+006 2.037457e+007 -6.830311e+005 402094
2.037443e+007 -1.489474e+006 2.037443e+007 -6.836181e+005 402095
2.037428e+007 -1.490226e+006 2.037429e+007 -6.842042e+005 402096
2.037414e+007 -1.490978e+006 2.037414e+007 -6.847900e+005 402097
2.037400e+007 -1.491729e+006 2.037400e+007 -6.853755e+005 402098
2.037386e+007 -1.492480e+006 2.037386e+007 -6.859603e+005 402099
2.037371e+007 -1.493229e+006 2.037371e+007 -6.865447e+005 402100
2.037357e+007 -1.493979e+006 2.037357e+007 -6.871288e+005 402101
2.037343e+007 -1.494728e+006 2.037343e+007 -6.877125e+005 402102
2.037329e+007 -1.495476e+006 2.037329e+007 -6.882955e+005 402103
2.037314e+007 -1.496224e+006 2.037314e+007 -6.888777e+005 402104
2.037300e+007 -1.496970e+006 2.037300e+007 -6.894595e+005 402105
2.037286e+007 -1.497716e+006 2.037286e+007 -6.900409e+005 402106
2.037272e+007 -1.498462e+006 2.037272e+007 -6.906219e+005 402107
2.037243e+007 -1.499951e+006 2.037244e+007 -6.917826e+005 402109
2.037229e+007 -1.500696e+006 2.037229e+007 -6.923626e+005 402110
2.037215e+007 -1.501439e+006 2.037215e+007 -6.929420e+005 402111
2.037201e+007 -1.502182e+006 2.037201e+007 -6.935209e+005 402112
2.037187e+007 -1.502925e+006 2.037187e+007 -6.940993e+005 402113
2.037173e+007 -1.503666e+006 2.037173e+007 -6.946771e+005 402114
2.037144e+007 -1.505149e+006 2.037145e+007 -6.958322e+005 402116
2.037130e+007 -1.505888e+006 2.037131e+007 -6.964087e+005 402117
2.037116e+007 -1.506627e+006 2.037116e+007 -6.969847e+005 402118
2.037088e+007 -1.508104e+006 2.037088e+007 -6.981352e+005 402120
2.037074e+007 -1.508841e+006 2.037074e+007 -6.987097e+005 402121
2.037060e+007 -1.509578e+006 2.037060e+007 -6.992834e+005 402122
2.037046e+007 -1.510313e+006 2.037046e+007 -6.998567e+005 402123
2.037032e+007 -1.511048e+006 2.037032e+007 -7.004295e+005 402124
2.037018e+007 -1.511783e+006 2.037018e+007 -7.010017e+005 402125
2.037004e+007 -1.512517e+006 2.037004e+007 -7.015738e+005 402126
2.036990e+007 -1.513250e+006 2.036990e+007 -7.021454e+005 402127
2.036976e+007 -1.513983e+006 2.036976e+007 -7.027164e+005 402128
2.036962e+007 -1.514716e+006 2.036963e+007 -7.032871e+005 402129
2.036948e+007 -1.515447e+006 2.036949e+007 -7.038573e+005 402130
2.036935e+007 -1.516178e+006 2.036935e+007 -7.044269e+005 402131
2.036921e+007 -1.516909e+006 2.036921e+007 -7.049962e+005 402132
2.036907e+007 -1.517639e+006 2.036907e+007 -7.055650e+005 402133
2.036893e+007 -1.518368e+006 2.036893e+007 -7.061331e+005 402134
2.036879e+007 -1.519097e+006 2.036879e+007 -7.067010e+005 402135
2.036865e+007 -1.519825e+006 2.036865e+007 -7.072683e+005 402136
2.036851e+007 -1.520552e+006 2.036851e+007 -7.078351e+005 402137
2.036837e+007 -1.521279e+006 2.036838e+007 -7.084012e+005 402138
2.036824e+007 -1.522005e+006 2.036824e+007 -7.089668e+005 402139
2.036810e+007 -1.522730e+006 2.036810e+007 -7.095320e+005 402140
2.036796e+007 -1.523454e+006 2.036796e+007 -7.100966e+005 402141
2.036782e+007 -1.524179e+006 2.036782e+007 -7.106609e+005 402142
2.036769e+007 -1.524902e+006 2.036769e+007 -7.112245e+005 402143
2.036755e+007 -1.525625e+006 2.036755e+007 -7.117875e+005 402144
2.036741e+007 -1.526347e+006 2.036741e+007 -7.123505e+005 402145
2.036727e+007 -1.527069e+006 2.036727e+007 -7.129132e+005 402146
2.036714e+007 -1.527790e+006 2.036714e+007 -7.134752e+005 402147
2.036700e+007 -1.528511e+006 2.036700e+007 -7.140368e+005 402148
2.036686e+007 -1.529231e+006 2.036686e+007 -7.145979e+005 402149
2.036672e+007 -1.529951e+006 2.036673e+007 -7.151587e+005 402150
2.036618e+007 -1.532821e+006 2.036618e+007 -7.173948e+005 402154
2.036577e+007 -1.534966e+006 2.036577e+007 -7.190669e+005 402157
2.036563e+007 -1.535681e+006 2.036564e+007 -7.196235e+005 402158
2.036550e+007 -1.536395e+006 2.036550e+007 -7.201799e+005 402159
2.036536e+007 -1.537108e+006 2.036536e+007 -7.207359e+005 402160
2.036523e+007 -1.537821e+006 2.036523e+007 -7.212911e+005 402161
2.036509e+007 -1.538533e+006 2.036509e+007 -7.218458e+005 402162
2.036496e+007 -1.539244e+006 2.036496e+007 -7.224001e+005 402163
2.036482e+007 -1.539955e+006 2.036482e+007 -7.229541e+005 402164
2.036469e+007 -1.540666e+006 2.036469e+007 -7.235078e+005 402165
2.036455e+007 -1.541375e+006 2.036455e+007 -7.240609e+005 402166
2.036415e+007 -1.543500e+006 2.036415e+007 -7.257162e+005 402169
2.036401e+007 -1.544206e+006 2.036401e+007 -7.262667e+005 402170
2.036361e+007 -1.546322e+006 2.036361e+007 -7.279157e+005 402173
2.036348e+007 -1.547027e+006 2.036348e+007 -7.284644e+005 402174
2.036334e+007 -1.547730e+006 2.036334e+007 -7.290127e+005 402175
2.036321e+007 -1.548434e+006 2.036321e+007 -7.295607e+005 402176
2.036307e+007 -1.549136e+006 2.036308e+007 -7.301084e+005 402177
2.036294e+007 -1.549839e+006 2.036294e+007 -7.306556e+005 402178
2.036281e+007 -1.550540e+006 2.036281e+007 -7.312024e+005 402179
2.036267e+007 -1.551241e+006 2.036267e+007 -7.317485e+005 402180
2.036254e+007 -1.551941e+006 2.036254e+007 -7.322939e+005 402181
2.036241e+007 -1.552641e+006 2.036241e+007 -7.328390e+005 402182
2.036227e+007 -1.553339e+006 2.036228e+007 -7.333834e+005 402183
2.036214e+007 -1.554037e+006 2.036214e+007 -7.339274e+005 402184
2.036201e+007 -1.554735e+006 2.036201e+007 -7.344713e+005 402185
2.036148e+007 -1.557521e+006 2.036148e+007 -7.366415e+005 402189
2.036135e+007 -1.558215e+006 2.036135e+007 -7.371828e+005 402190
2.036121e+007 -1.558909e+006 2.036122e+007 -7.377233e+005 402191
2.036108e+007 -1.559602e+006 2.036108e+007 -7.382632e+005 402192
2.036095e+007 -1.560295e+006 2.036095e+007 -7.388030e+005 402193
2.036082e+007 -1.560987e+006 2.036082e+007 -7.393423e+005 402194
2.036069e+007 -1.561678e+006 2.036069e+007 -7.398811e+005 402195
2.036056e+007 -1.562369e+006 2.036056e+007 -7.404197e+005 402196
2.036042e+007 -1.563060e+006 2.036043e+007 -7.409577e+005 402197
2.036029e+007 -1.563749e+006 2.036029e+007 -7.414952e+005 402198
2.036016e+007 -1.564438e+006 2.036016e+007 -7.420321e+005 402199
2.036003e+007 -1.565127e+006 2.036003e+007 -7.425685e+005 402200
2.035990e+007 -1.565815e+006 2.035990e+007 -7.431045e+005 402201
2.035977e+007 -1.566502e+006 2.035977e+007 -7.436401e+005 402202
2.035925e+007 -1.569245e+006 2.035925e+007 -7.457772e+005 402206
2.035912e+007 -1.569929e+006 2.035912e+007 -7.463101e+005 402207
2.035899e+007 -1.570611e+006 2.035899e+007 -7.468422e+005 402208
2.035886e+007 -1.571294e+006 2.035886e+007 -7.473738e+005 402209
2.035873e+007 -1.571975e+006 2.035873e+007 -7.479050e+005 402210
2.035860e+007 -1.572657e+006 2.035860e+007 -7.484358e+005 402211
2.035847e+007 -1.573337e+006 2.035847e+007 -7.489662e+005 402212
2.035834e+007 -1.574017e+006 2.035834e+007 -7.494962e+005 402213
2.035821e+007 -1.574697e+006 2.035821e+007 -7.500258e+005 402214
2.035808e+007 -1.575377e+006 2.035808e+007 -7.505552e+005 402215
2.035795e+007 -1.576055e+006 2.035795e+007 -7.510841e+005 402216
2.035782e+007 -1.576733e+006 2.035782e+007 -7.516122e+005 402217
2.035769e+007 -1.577410e+006 2.035770e+007 -7.521400e+005 402218
2.035756e+007 -1.578087e+006 2.035757e+007 -7.526673e+005 402219
2.035744e+007 -1.578763e+006 2.035744e+007 -7.531944e+005 402220
2.035705e+007 -1.580788e+006 2.035705e+007 -7.547721e+005 402223
2.035692e+007 -1.581462e+006 2.035692e+007 -7.552972e+005 402224
2.035679e+007 -1.582135e+006 2.035680e+007 -7.558216e+005 402225
2.035654e+007 -1.583479e+006 2.035654e+007 -7.568689e+005 402227
2.035641e+007 -1.584150e+006 2.035641e+007 -7.573920e+005 402228
2.035628e+007 -1.584821e+006 2.035628e+007 -7.579145e+005 402229
2.035616e+007 -1.585491e+006 2.035616e+007 -7.584363e+005 402230
2.035603e+007 -1.586160e+006 2.035603e+007 -7.589579e+005 402231
2.035590e+007 -1.586829e+006 2.035590e+007 -7.594792e+005 402232
2.035577e+007 -1.587497e+006 2.035578e+007 -7.599999e+005 402233
2.035539e+007 -1.589497e+006 2.035539e+007 -7.615585e+005 402236
2.035527e+007 -1.590163e+006 2.035527e+007 -7.620771e+005 402237
2.035501e+007 -1.591492e+006 2.035502e+007 -7.631126e+005 402239
2.035489e+007 -1.592155e+006 2.035489e+007 -7.636295e+005 402240
2.035476e+007 -1.592818e+006 2.035476e+007 -7.641460e+005 402241
2.035451e+007 -1.594142e+006 2.035451e+007 -7.651776e+005 402243
2.035438e+007 -1.594803e+006 2.035439e+007 -7.656926e+005 402244
2.035413e+007 -1.596123e+006 2.035413e+007 -7.667215e+005 402246
2.035401e+007 -1.596782e+006 2.035401e+007 -7.672351e+005 402247
2.035388e+007 -1.597442e+006 2.035388e+007 -7.677487e+005 402248
2.035376e+007 -1.598100e+006 2.035376e+007 -7.682620e+005 402249
2.035363e+007 -1.598758e+006 2.035363e+007 -7.687748e+005 402250
2.035351e+007 -1.599416e+006 2.035351e+007 -7.692869e+005 402251
2.035338e+007 -1.600072e+006 2.035338e+007 -7.697984e+005 402252
2.035326e+007 -1.600728e+006 2.035326e+007 -7.703092e+005 402253
2.035313e+007 -1.601383e+006 2.035313e+007 -7.708196e+005 402254
2.035276e+007 -1.603343e+006 2.035276e+007 -7.723472e+005 402257
2.035251e+007 -1.604648e+006 2.035251e+007 -7.733638e+005 402259
2.035239e+007 -1.605299e+006 2.035239e+007 -7.738713e+005 402260
2.035226e+007 -1.605950e+006 2.035226e+007 -7.743785e+005 402261
2.035214e+007 -1.606600e+006 2.035214e+007 -7.748852e+005 402262
2.035202e+007 -1.607250e+006 2.035202e+007 -7.753915e+005 402263
2.035189e+007 -1.607899e+006 2.035189e+007 -7.758970e+005 402264
2.035177e+007 -1.608547e+006 2.035177e+007 -7.764021e+005 402265
2.035140e+007 -1.610488e+006 2.035140e+007 -7.779150e+005 402268
2.035128e+007 -1.611134e+006 2.035128e+007 -7.784183e+005 402269
2.035091e+007 -1.613068e+006 2.035091e+007 -7.799251e+005 402272
2.035079e+007 -1.613712e+006 2.035079e+007 -7.804267e+005 402273
2.035066e+007 -1.614354e+006 2.035066e+007 -7.809275e+005 402274
2.035054e+007 -1.614996e+006 2.035054e+007 -7.814278e+005 402275
2.035042e+007 -1.615638e+006 2.035042e+007 -7.819280e+005 402276
2.035030e+007 -1.616279e+006 2.035030e+007 -7.824272e+005 402277
2.035018e+007 -1.616919e+006 2.035018e+007 -7.829260e+005 402278
2.035005e+007 -1.617559e+006 2.035005e+007 -7.834244e+005 402279
2.034993e+007 -1.618198e+006 2.034993e+007 -7.839222e+005 402280
2.034981e+007 -1.618836e+006 2.034981e+007 -7.844197e+005 402281
2.034969e+007 -1.619474e+006 2.034969e+007 -7.849167e+005 402282
2.034957e+007 -1.620111e+006 2.034957e+007 -7.854131e+005 402283
2.034921e+007 -1.622019e+006 2.034921e+007 -7.868999e+005 402286
2.034908e+007 -1.622654e+006 2.034909e+007 -7.873947e+005 402287
2.034884e+007 -1.623922e+006 2.034884e+007 -7.883828e+005 402289
2.034872e+007 -1.624555e+006 2.034872e+007 -7.888759e+005 402290
2.034860e+007 -1.625187e+006 2.034860e+007 -7.893685e+005 402291
2.034848e+007 -1.625818e+006 2.034848e+007 -7.898603e+005 402292
2.034836e+007 -1.626449e+006 2.034836e+007 -7.903519e+005 402293
2.034824e+007 -1.627080e+006 2.034824e+007 -7.908433e+005 402294
2.034812e+007 -1.627709e+006 2.034812e+007 -7.913339e+005 402295
2.034800e+007 -1.628338e+006 2.034800e+007 -7.918241e+005 402296
2.034788e+007 -1.628967e+006 2.034788e+007 -7.923137e+005 402297
2.034776e+007 -1.629595e+006 2.034776e+007 -7.928031e+005 402298
2.034741e+007 -1.631475e+006 2.034741e+007 -7.942683e+005 402301
2.034693e+007 -1.633974e+006 2.034693e+007 -7.962158e+005 402305
2.034681e+007 -1.634597e+006 2.034681e+007 -7.967012e+005 402306
2.034669e+007 -1.635220e+006 2.034669e+007 -7.971861e+005 402307
2.034657e+007 -1.635842e+006 2.034658e+007 -7.976708e+005 402308
2.034646e+007 -1.636463e+006 2.034646e+007 -7.981548e+005 402309
2.034634e+007 -1.637083e+006 2.034634e+007 -7.986379e+005 402310
2.034622e+007 -1.637703e+006 2.034622e+007 -7.991211e+005 402311
2.034610e+007 -1.638322e+006 2.034610e+007 -7.996036e+005 402312
2.034599e+007 -1.638940e+006 2.034599e+007 -8.000854e+005 402313
2.034563e+007 -1.640792e+006 2.034563e+007 -8.015285e+005 402316
2.034540e+007 -1.642025e+006 2.034540e+007 -8.024886e+005 402318
2.034528e+007 -1.642640e+006 2.034528e+007 -8.029680e+005 402319
2.034505e+007 -1.643869e+006 2.034505e+007 -8.039261e+005 402321
2.034493e+007 -1.644483e+006 2.034493e+007 -8.044040e+005 402322
2.034481e+007 -1.645095e+006 2.034481e+007 -8.048811e+005 402323
2.034470e+007 -1.645706e+006 2.034470e+007 -8.053576e+005 402324
2.034458e+007 -1.646318e+006 2.034458e+007 -8.058341e+005 402325
2.034423e+007 -1.648147e+006 2.034423e+007 -8.072597e+005 402328
2.034400e+007 -1.649364e+006 2.034400e+007 -8.082075e+005 402330
2.034389e+007 -1.649971e+006 2.034389e+007 -8.086810e+005 402331
2.034365e+007 -1.651185e+006 2.034366e+007 -8.096269e+005 402333
2.034354e+007 -1.651791e+006 2.034354e+007 -8.100992e+005 402334
2.034342e+007 -1.652397e+006 2.034343e+007 -8.105707e+005 402335
2.034331e+007 -1.653001e+006 2.034331e+007 -8.110419e+005 402336
2.034319e+007 -1.653605e+006 2.034320e+007 -8.115126e+005 402337
2.034285e+007 -1.655414e+006 2.034285e+007 -8.129216e+005 402340
2.034262e+007 -1.656616e+006 2.034262e+007 -8.138584e+005 402342
2.034251e+007 -1.657216e+006 2.034251e+007 -8.143263e+005 402343
2.034228e+007 -1.658416e+006 2.034228e+007 -8.152610e+005 402345
2.034217e+007 -1.659014e+006 2.034217e+007 -8.157271e+005 402346
2.034205e+007 -1.659611e+006 2.034205e+007 -8.161927e+005 402347
2.034194e+007 -1.660208e+006 2.034194e+007 -8.166576e+005 402348
2.034182e+007 -1.660804e+006 2.034183e+007 -8.171221e+005 402349
2.034137e+007 -1.663184e+006 2.034137e+007 -8.189763e+005 402353
2.034126e+007 -1.663777e+006 2.034126e+007 -8.194388e+005 402354
2.034092e+007 -1.665555e+006 2.034092e+007 -8.208236e+005 402357
2.034081e+007 -1.666145e+006 2.034081e+007 -8.212840e+005 402358
2.034070e+007 -1.666736e+006 2.034070e+007 -8.217442e+005 402359
2.034058e+007 -1.667327e+006 2.034058e+007 -8.222046e+005 402360
2.034047e+007 -1.667917e+006 2.034047e+007 -8.226641e+005 402361
2.034036e+007 -1.668505e+006 2.034036e+007 -8.231226e+005 402362
