2.020736e+007 -3.019328e+005 2.020736e+007 -2.313637e+005 401170
2.020266e+007 -3.266033e+005 2.020267e+007 -2.505874e+005 401171
2.019927e+007 -3.444154e+005 2.019928e+007 -2.644670e+005 401172
2.019698e+007 -3.564939e+005 2.019698e+007 -2.738788e+005 401173
2.019556e+007 -3.639175e+005 2.019556e+007 -2.796634e+005 401174
2.019466e+007 -3.686707e+005 2.019466e+007 -2.833672e+005 401176
2.019485e+007 -3.676522e+005 2.019485e+007 -2.825736e+005 401177
2.019531e+007 -3.652684e+005 2.019531e+007 -2.807161e+005 401178
2.019592e+007 -3.620450e+005 2.019592e+007 -2.782043e+005 401179
2.019661e+007 -3.583950e+005 2.019661e+007 -2.753602e+005 401180
2.019733e+007 -3.546347e+005 2.019733e+007 -2.724301e+005 401181
2.019802e+007 -3.509941e+005 2.019802e+007 -2.695933e+005 401182
2.019866e+007 -3.476320e+005 2.019866e+007 -2.669734e+005 401183
2.019972e+007 -3.420941e+005 2.019972e+007 -2.626582e+005 401185
2.020012e+007 -3.399873e+005 2.020012e+007 -2.610165e+005 401186
2.020043e+007 -3.383170e+005 2.020043e+007 -2.597150e+005 401187
2.020067e+007 -3.370555e+005 2.020067e+007 -2.587320e+005 401188
2.020084e+007 -3.361630e+005 2.020084e+007 -2.580365e+005 401189
2.020095e+007 -3.355925e+005 2.020095e+007 -2.575920e+005 401190
2.020101e+007 -3.352957e+005 2.020101e+007 -2.573607e+005 401191
2.020102e+007 -3.352249e+005 2.020102e+007 -2.573056e+005 401192
2.020100e+007 -3.353347e+005 2.020100e+007 -2.573912e+005 401193
2.020095e+007 -3.355843e+005 2.020095e+007 -2.575856e+005 401194
2.020089e+007 -3.359380e+005 2.020089e+007 -2.578612e+005 401195
2.020081e+007 -3.363642e+005 2.020081e+007 -2.581934e+005 401196
2.020072e+007 -3.368376e+005 2.020072e+007 -2.585622e+005 401197
2.020052e+007 -3.378500e+005 2.020052e+007 -2.593511e+005 401199
2.020042e+007 -3.383622e+005 2.020043e+007 -2.597502e+005 401200
2.020033e+007 -3.388675e+005 2.020033e+007 -2.601439e+005 401201
2.020024e+007 -3.393523e+005 2.020024e+007 -2.605217e+005 401202
2.020006e+007 -3.402497e+005 2.020007e+007 -2.612210e+005 401204
2.019990e+007 -3.410886e+005 2.019991e+007 -2.618747e+005 401206
2.019962e+007 -3.425816e+005 2.019962e+007 -2.630380e+005 401210
2.019956e+007 -3.429313e+005 2.019956e+007 -2.633105e+005 401211
2.019949e+007 -3.432763e+005 2.019949e+007 -2.635793e+005 401212
2.019943e+007 -3.436130e+005 2.019943e+007 -2.638417e+005 401213
2.019936e+007 -3.439457e+005 2.019936e+007 -2.641009e+005 401214
2.019930e+007 -3.442729e+005 2.019930e+007 -2.643559e+005 401215
2.019924e+007 -3.445811e+005 2.019924e+007 -2.645960e+005 401216
2.019918e+007 -3.448918e+005 2.019918e+007 -2.648381e+005 401217
2.019912e+007 -3.451973e+005 2.019912e+007 -2.650762e+005 401218
2.019906e+007 -3.455206e+005 2.019906e+007 -2.653281e+005 401219
2.019900e+007 -3.458458e+005 2.019900e+007 -2.655815e+005 401220
2.019894e+007 -3.461696e+005 2.019894e+007 -2.658338e+005 401221
2.019888e+007 -3.464907e+005 2.019888e+007 -2.660840e+005 401222
2.019882e+007 -3.468110e+005 2.019882e+007 -2.663336e+005 401223
2.019876e+007 -3.471315e+005 2.019876e+007 -2.665833e+005 401224
2.019869e+007 -3.474529e+005 2.019869e+007 -2.668337e+005 401225
2.019863e+007 -3.477750e+005 2.019863e+007 -2.670847e+005 401226
2.019857e+007 -3.480970e+005 2.019857e+007 -2.673356e+005 401227
2.019851e+007 -3.484195e+005 2.019851e+007 -2.675869e+005 401228
2.019845e+007 -3.487424e+005 2.019845e+007 -2.678385e+005 401229
2.019839e+007 -3.490658e+005 2.019839e+007 -2.680905e+005 401230
2.019833e+007 -3.493896e+005 2.019833e+007 -2.683428e+005 401231
2.019826e+007 -3.497148e+005 2.019826e+007 -2.685962e+005 401232
2.019820e+007 -3.500410e+005 2.019820e+007 -2.688504e+005 401233
2.019814e+007 -3.503690e+005 2.019814e+007 -2.691060e+005 401234
2.019808e+007 -3.506972e+005 2.019808e+007 -2.693617e+005 401235
2.019802e+007 -3.510247e+005 2.019801e+007 -2.696169e+005 401236
2.019795e+007 -3.513516e+005 2.019795e+007 -2.698717e+005 401237
2.019789e+007 -3.516780e+005 2.019789e+007 -2.701260e+005 401238
2.019783e+007 -3.520045e+005 2.019783e+007 -2.703804e+005 401239
2.019777e+007 -3.523298e+005 2.019777e+007 -2.706338e+005 401240
2.019771e+007 -3.526546e+005 2.019770e+007 -2.708869e+005 401241
2.019764e+007 -3.529785e+005 2.019764e+007 -2.711394e+005 401242
2.019758e+007 -3.533017e+005 2.019758e+007 -2.713912e+005 401243
2.019752e+007 -3.536238e+005 2.019752e+007 -2.716422e+005 401244
2.019746e+007 -3.539448e+005 2.019746e+007 -2.718923e+005 401245
2.019740e+007 -3.542653e+005 2.019740e+007 -2.721420e+005 401246
2.019734e+007 -3.545850e+005 2.019734e+007 -2.723912e+005 401247
2.019728e+007 -3.549048e+005 2.019728e+007 -2.726403e+005 401248
2.019722e+007 -3.552250e+005 2.019722e+007 -2.728899e+005 401249
2.019716e+007 -3.555442e+005 2.019715e+007 -2.731386e+005 401250
2.019709e+007 -3.558622e+005 2.019709e+007 -2.733864e+005 401251
2.019703e+007 -3.561790e+005 2.019703e+007 -2.736333e+005 401252
2.019697e+007 -3.564948e+005 2.019697e+007 -2.738793e+005 401253
2.019691e+007 -3.568107e+005 2.019691e+007 -2.741255e+005 401254
2.019685e+007 -3.571262e+005 2.019685e+007 -2.743713e+005 401255
2.019679e+007 -3.574415e+005 2.019679e+007 -2.746170e+005 401256
2.019673e+007 -3.577570e+005 2.019673e+007 -2.748628e+005 401257
2.019667e+007 -3.580729e+005 2.019667e+007 -2.751090e+005 401258
2.019661e+007 -3.583883e+005 2.019661e+007 -2.753548e+005 401259
2.019655e+007 -3.587034e+005 2.019655e+007 -2.756003e+005 401260
2.019649e+007 -3.590183e+005 2.019649e+007 -2.758457e+005 401261
2.019643e+007 -3.593327e+005 2.019643e+007 -2.760907e+005 401262
2.019637e+007 -3.596466e+005 2.019637e+007 -2.763353e+005 401263
2.019632e+007 -3.599596e+005 2.019631e+007 -2.765791e+005 401264
2.019626e+007 -3.602718e+005 2.019625e+007 -2.768224e+005 401265
2.019620e+007 -3.605837e+005 2.019620e+007 -2.770655e+005 401266
2.019614e+007 -3.608957e+005 2.019614e+007 -2.773086e+005 401267
2.019608e+007 -3.612079e+005 2.019608e+007 -2.775519e+005 401268
2.019602e+007 -3.615192e+005 2.019602e+007 -2.777944e+005 401269
2.019596e+007 -3.618298e+005 2.019596e+007 -2.780365e+005 401270
2.019590e+007 -3.621404e+005 2.019590e+007 -2.782785e+005 401271
2.019584e+007 -3.624507e+005 2.019584e+007 -2.785203e+005 401272
2.019578e+007 -3.627604e+005 2.019578e+007 -2.787616e+005 401273
2.019572e+007 -3.630697e+005 2.019572e+007 -2.790027e+005 401274
2.019566e+007 -3.633790e+005 2.019566e+007 -2.792437e+005 401275
2.019561e+007 -3.636886e+005 2.019560e+007 -2.794849e+005 401276
2.019555e+007 -3.639974e+005 2.019555e+007 -2.797255e+005 401277
2.019549e+007 -3.643037e+005 2.019549e+007 -2.799642e+005 401278
2.019543e+007 -3.646088e+005 2.019543e+007 -2.802019e+005 401279
2.019519e+007 -3.658509e+005 2.019519e+007 -2.811697e+005 401283
2.019514e+007 -3.661621e+005 2.019513e+007 -2.814122e+005 401284
2.019508e+007 -3.664705e+005 2.019508e+007 -2.816525e+005 401285
2.019502e+007 -3.667753e+005 2.019502e+007 -2.818900e+005 401286
2.019496e+007 -3.670839e+005 2.019496e+007 -2.821305e+005 401287
2.019490e+007 -3.673915e+005 2.019490e+007 -2.823702e+005 401288
2.019484e+007 -3.676935e+005 2.019484e+007 -2.826055e+005 401289
2.019478e+007 -3.680022e+005 2.019478e+007 -2.828461e+005 401290
2.019473e+007 -3.683116e+005 2.019472e+007 -2.830871e+005 401291
2.019467e+007 -3.686185e+005 2.019467e+007 -2.833262e+005 401292
2.019461e+007 -3.689214e+005 2.019461e+007 -2.835623e+005 401293
2.019455e+007 -3.692223e+005 2.019455e+007 -2.837967e+005 401294
2.019450e+007 -3.695221e+005 2.019449e+007 -2.840303e+005 401295
2.019444e+007 -3.698217e+005 2.019444e+007 -2.842638e+005 401296
2.019438e+007 -3.701218e+005 2.019438e+007 -2.844976e+005 401297
2.019432e+007 -3.704215e+005 2.019432e+007 -2.847312e+005 401298
2.019427e+007 -3.707207e+005 2.019427e+007 -2.849643e+005 401299
2.019421e+007 -3.710175e+005 2.019421e+007 -2.851956e+005 401300
2.019415e+007 -3.713151e+005 2.019415e+007 -2.854275e+005 401301
2.019410e+007 -3.716117e+005 2.019410e+007 -2.856586e+005 401302
2.019404e+007 -3.719104e+005 2.019404e+007 -2.858913e+005 401303
2.019398e+007 -3.722088e+005 2.019398e+007 -2.861238e+005 401304
2.019393e+007 -3.725068e+005 2.019393e+007 -2.863561e+005 401305
2.019387e+007 -3.728126e+005 2.019387e+007 -2.865944e+005 401306
2.019381e+007 -3.731112e+005 2.019381e+007 -2.868271e+005 401307
2.019376e+007 -3.734104e+005 2.019375e+007 -2.870602e+005 401308
2.019370e+007 -3.737159e+005 2.019370e+007 -2.872983e+005 401309
2.019364e+007 -3.740127e+005 2.019364e+007 -2.875295e+005 401310
2.019358e+007 -3.743161e+005 2.019358e+007 -2.877659e+005 401311
2.019353e+007 -3.746208e+005 2.019352e+007 -2.880034e+005 401312
2.019347e+007 -3.749225e+005 2.019347e+007 -2.882385e+005 401313
2.019341e+007 -3.752227e+005 2.019341e+007 -2.884725e+005 401314
2.019336e+007 -3.755122e+005 2.019335e+007 -2.886980e+005 401315
2.019330e+007 -3.758004e+005 2.019330e+007 -2.889226e+005 401316
2.019325e+007 -3.760887e+005 2.019324e+007 -2.891472e+005 401317
2.019319e+007 -3.763774e+005 2.019319e+007 -2.893722e+005 401318
2.019314e+007 -3.766673e+005 2.019313e+007 -2.895981e+005 401319
2.019308e+007 -3.769582e+005 2.019308e+007 -2.898248e+005 401320
2.019303e+007 -3.772488e+005 2.019302e+007 -2.900512e+005 401321
2.019297e+007 -3.775396e+005 2.019297e+007 -2.902778e+005 401322
2.019291e+007 -3.778307e+005 2.019291e+007 -2.905047e+005 401323
2.019286e+007 -3.781218e+005 2.019286e+007 -2.907315e+005 401324
2.019280e+007 -3.784125e+005 2.019280e+007 -2.909580e+005 401325
2.019275e+007 -3.787031e+005 2.019275e+007 -2.911844e+005 401326
2.019269e+007 -3.789936e+005 2.019269e+007 -2.914108e+005 401327
2.019264e+007 -3.792838e+005 2.019264e+007 -2.916370e+005 401328
2.019258e+007 -3.795743e+005 2.019258e+007 -2.918633e+005 401329
2.019253e+007 -3.798644e+005 2.019253e+007 -2.920894e+005 401330
2.019247e+007 -3.801535e+005 2.019247e+007 -2.923146e+005 401331
2.019242e+007 -3.804424e+005 2.019242e+007 -2.925398e+005 401332
2.019236e+007 -3.807310e+005 2.019236e+007 -2.927646e+005 401333
2.019231e+007 -3.810192e+005 2.019231e+007 -2.929891e+005 401334
2.019225e+007 -3.813075e+005 2.019225e+007 -2.932139e+005 401335
2.019220e+007 -3.815957e+005 2.019220e+007 -2.934384e+005 401336
2.019214e+007 -3.818830e+005 2.019214e+007 -2.936623e+005 401337
2.019209e+007 -3.821699e+005 2.019209e+007 -2.938858e+005 401338
2.019203e+007 -3.824561e+005 2.019203e+007 -2.941088e+005 401339
2.019198e+007 -3.827419e+005 2.019198e+007 -2.943315e+005 401340
2.019193e+007 -3.830276e+005 2.019192e+007 -2.945542e+005 401341
2.019187e+007 -3.833129e+005 2.019187e+007 -2.947765e+005 401342
2.019182e+007 -3.835978e+005 2.019182e+007 -2.949985e+005 401343
2.019176e+007 -3.838822e+005 2.019176e+007 -2.952201e+005 401344
2.019171e+007 -3.841663e+005 2.019171e+007 -2.954415e+005 401345
2.019165e+007 -3.844500e+005 2.019165e+007 -2.956626e+005 401346
2.019160e+007 -3.847329e+005 2.019160e+007 -2.958830e+005 401347
2.019155e+007 -3.850153e+005 2.019155e+007 -2.961030e+005 401348
2.019149e+007 -3.852976e+005 2.019149e+007 -2.963230e+005 401349
2.019144e+007 -3.855796e+005 2.019144e+007 -2.965427e+005 401350
2.019139e+007 -3.858616e+005 2.019138e+007 -2.967625e+005 401351
2.019133e+007 -3.861430e+005 2.019133e+007 -2.969818e+005 401352
2.019128e+007 -3.864244e+005 2.019128e+007 -2.972011e+005 401353
2.019123e+007 -3.867054e+005 2.019122e+007 -2.974200e+005 401354
2.019117e+007 -3.869865e+005 2.019117e+007 -2.976390e+005 401355
2.019112e+007 -3.872675e+005 2.019112e+007 -2.978580e+005 401356
2.019107e+007 -3.875484e+005 2.019106e+007 -2.980769e+005 401357
2.019101e+007 -3.878283e+005 2.019101e+007 -2.982950e+005 401358
2.019096e+007 -3.881076e+005 2.019096e+007 -2.985126e+005 401359
2.019091e+007 -3.883861e+005 2.019090e+007 -2.987296e+005 401360
2.019085e+007 -3.886645e+005 2.019085e+007 -2.989466e+005 401361
2.019080e+007 -3.889431e+005 2.019080e+007 -2.991636e+005 401362
2.019075e+007 -3.892210e+005 2.019075e+007 -2.993802e+005 401363
2.019069e+007 -3.894985e+005 2.019069e+007 -2.995964e+005 401364
2.019064e+007 -3.897754e+005 2.019064e+007 -2.998122e+005 401365
2.019059e+007 -3.900519e+005 2.019059e+007 -3.000276e+005 401366
2.019054e+007 -3.903280e+005 2.019053e+007 -3.002428e+005 401367
2.019048e+007 -3.906037e+005 2.019048e+007 -3.004576e+005 401368
2.019043e+007 -3.908789e+005 2.019043e+007 -3.006721e+005 401369
2.019038e+007 -3.911541e+005 2.019038e+007 -3.008865e+005 401370
2.019033e+007 -3.914291e+005 2.019033e+007 -3.011008e+005 401371
2.019027e+007 -3.917042e+005 2.019027e+007 -3.013152e+005 401372
2.019022e+007 -3.919794e+005 2.019022e+007 -3.015296e+005 401373
2.019017e+007 -3.922540e+005 2.019017e+007 -3.017435e+005 401374
2.019012e+007 -3.925283e+005 2.019012e+007 -3.019573e+005 401375
2.019007e+007 -3.928025e+005 2.019006e+007 -3.021710e+005 401376
2.019001e+007 -3.930765e+005 2.019001e+007 -3.023845e+005 401377
2.018996e+007 -3.933499e+005 2.018996e+007 -3.025975e+005 401378
2.018991e+007 -3.936226e+005 2.018991e+007 -3.028100e+005 401379
2.018986e+007 -3.938950e+005 2.018986e+007 -3.030223e+005 401380
2.018981e+007 -3.941672e+005 2.018980e+007 -3.032343e+005 401381
2.018975e+007 -3.944392e+005 2.018975e+007 -3.034463e+005 401382
2.018970e+007 -3.947106e+005 2.018970e+007 -3.036578e+005 401383
2.018965e+007 -3.949816e+005 2.018965e+007 -3.038689e+005 401384
2.018960e+007 -3.952525e+005 2.018960e+007 -3.040800e+005 401385
2.018955e+007 -3.955230e+005 2.018955e+007 -3.042908e+005 401386
2.018950e+007 -3.957927e+005 2.018949e+007 -3.045010e+005 401387
2.018944e+007 -3.960619e+005 2.018944e+007 -3.047107e+005 401388
2.018939e+007 -3.963311e+005 2.018939e+007 -3.049205e+005 401389
2.018934e+007 -3.965999e+005 2.018934e+007 -3.051299e+005 401390
2.018929e+007 -3.968681e+005 2.018929e+007 -3.053389e+005 401391
2.018924e+007 -3.971360e+005 2.018924e+007 -3.055477e+005 401392
2.018919e+007 -3.974036e+005 2.018919e+007 -3.057562e+005 401393
2.018914e+007 -3.976705e+005 2.018914e+007 -3.059642e+005 401394
2.018909e+007 -3.979372e+005 2.018909e+007 -3.061720e+005 401395
2.018904e+007 -3.982037e+005 2.018904e+007 -3.063797e+005 401396
2.018899e+007 -3.984698e+005 2.018899e+007 -3.065870e+005 401397
2.018894e+007 -3.987354e+005 2.018893e+007 -3.067940e+005 401398
2.018889e+007 -3.990007e+005 2.018888e+007 -3.070007e+005 401399
2.018884e+007 -3.992659e+005 2.018883e+007 -3.072073e+005 401400
2.018878e+007 -3.995308e+005 2.018878e+007 -3.074137e+005 401401
2.018873e+007 -3.997950e+005 2.018873e+007 -3.076197e+005 401402
2.018868e+007 -4.000590e+005 2.018868e+007 -3.078253e+005 401403
2.018863e+007 -4.003226e+005 2.018863e+007 -3.080307e+005 401404
2.018858e+007 -4.005860e+005 2.018858e+007 -3.082360e+005 401405
2.018853e+007 -4.008490e+005 2.018853e+007 -3.084410e+005 401406
2.018848e+007 -4.011118e+005 2.018848e+007 -3.086457e+005 401407
2.018838e+007 -4.016360e+005 2.018838e+007 -3.090542e+005 401409
2.018833e+007 -4.018973e+005 2.018833e+007 -3.092578e+005 401410
2.018828e+007 -4.021585e+005 2.018828e+007 -3.094613e+005 401411
2.018824e+007 -4.024193e+005 2.018823e+007 -3.096645e+005 401412
2.018819e+007 -4.026793e+005 2.018818e+007 -3.098671e+005 401413
2.018814e+007 -4.029391e+005 2.018813e+007 -3.100696e+005 401414
2.018809e+007 -4.031992e+005 2.018809e+007 -3.102723e+005 401415
2.018804e+007 -4.034585e+005 2.018804e+007 -3.104743e+005 401416
2.018799e+007 -4.037175e+005 2.018799e+007 -3.106762e+005 401417
2.018794e+007 -4.039762e+005 2.018794e+007 -3.108777e+005 401418
2.018789e+007 -4.042344e+005 2.018789e+007 -3.110789e+005 401419
2.018784e+007 -4.044922e+005 2.018784e+007 -3.112798e+005 401420
2.018779e+007 -4.047498e+005 2.018779e+007 -3.114805e+005 401421
2.018774e+007 -4.050073e+005 2.018774e+007 -3.116811e+005 401422
2.018769e+007 -4.052645e+005 2.018769e+007 -3.118815e+005 401423
2.018764e+007 -4.055214e+005 2.018764e+007 -3.120818e+005 401424
2.018760e+007 -4.057780e+005 2.018759e+007 -3.122817e+005 401425
2.018755e+007 -4.060342e+005 2.018755e+007 -3.124813e+005 401426
2.018750e+007 -4.062897e+005 2.018750e+007 -3.126804e+005 401427
2.018745e+007 -4.065450e+005 2.018745e+007 -3.128794e+005 401428
2.018740e+007 -4.067999e+005 2.018740e+007 -3.130780e+005 401429
2.018735e+007 -4.070542e+005 2.018735e+007 -3.132762e+005 401430
2.018730e+007 -4.073080e+005 2.018730e+007 -3.134739e+005 401431
2.018721e+007 -4.078151e+005 2.018721e+007 -3.138691e+005 401433
2.018716e+007 -4.080685e+005 2.018716e+007 -3.140665e+005 401434
2.018711e+007 -4.083214e+005 2.018711e+007 -3.142635e+005 401435
2.018702e+007 -4.088256e+005 2.018701e+007 -3.146565e+005 401437
2.018697e+007 -4.090775e+005 2.018697e+007 -3.148527e+005 401438
2.018692e+007 -4.093287e+005 2.018692e+007 -3.150485e+005 401439
2.018687e+007 -4.095795e+005 2.018687e+007 -3.152439e+005 401440
2.018682e+007 -4.098298e+005 2.018682e+007 -3.154390e+005 401441
2.018678e+007 -4.100803e+005 2.018678e+007 -3.156341e+005 401442
2.018673e+007 -4.103305e+005 2.018673e+007 -3.158291e+005 401443
2.018668e+007 -4.105800e+005 2.018668e+007 -3.160235e+005 401444
2.018663e+007 -4.108293e+005 2.018663e+007 -3.162177e+005 401445
2.018654e+007 -4.113261e+005 2.018654e+007 -3.166049e+005 401447
2.018649e+007 -4.115738e+005 2.018649e+007 -3.167979e+005 401448
2.018645e+007 -4.118211e+005 2.018644e+007 -3.169906e+005 401449
2.018640e+007 -4.120682e+005 2.018640e+007 -3.171832e+005 401450
2.018635e+007 -4.123152e+005 2.018635e+007 -3.173756e+005 401451
2.018630e+007 -4.125623e+005 2.018630e+007 -3.175682e+005 401452
2.018621e+007 -4.130548e+005 2.018621e+007 -3.179519e+005 401454
2.018616e+007 -4.133003e+005 2.018616e+007 -3.181432e+005 401455
2.018612e+007 -4.135454e+005 2.018612e+007 -3.183342e+005 401456
2.018602e+007 -4.140344e+005 2.018602e+007 -3.187153e+005 401458
2.018598e+007 -4.142789e+005 2.018598e+007 -3.189057e+005 401459
2.018593e+007 -4.145228e+005 2.018593e+007 -3.190958e+005 401460
2.018589e+007 -4.147665e+005 2.018588e+007 -3.192857e+005 401461
2.018584e+007 -4.150100e+005 2.018584e+007 -3.194755e+005 401462
2.018579e+007 -4.152533e+005 2.018579e+007 -3.196650e+005 401463
2.018575e+007 -4.154960e+005 2.018575e+007 -3.198542e+005 401464
2.018570e+007 -4.157381e+005 2.018570e+007 -3.200428e+005 401465
2.018565e+007 -4.159794e+005 2.018565e+007 -3.202308e+005 401466
2.018561e+007 -4.162209e+005 2.018561e+007 -3.204190e+005 401467
2.018556e+007 -4.164620e+005 2.018556e+007 -3.206069e+005 401468
2.018552e+007 -4.167026e+005 2.018552e+007 -3.207944e+005 401469
2.018547e+007 -4.169436e+005 2.018547e+007 -3.209821e+005 401470
2.018543e+007 -4.171845e+005 2.018542e+007 -3.211699e+005 401471
2.018538e+007 -4.174240e+005 2.018538e+007 -3.213565e+005 401472
2.018529e+007 -4.179008e+005 2.018529e+007 -3.217280e+005 401474
2.018524e+007 -4.181386e+005 2.018524e+007 -3.219133e+005 401475
2.018520e+007 -4.183760e+005 2.018520e+007 -3.220983e+005 401476
2.018515e+007 -4.186137e+005 2.018515e+007 -3.222836e+005 401477
2.018511e+007 -4.188513e+005 2.018511e+007 -3.224687e+005 401478
2.018506e+007 -4.190883e+005 2.018506e+007 -3.226534e+005 401479
2.018502e+007 -4.193251e+005 2.018502e+007 -3.228378e+005 401480
2.018497e+007 -4.195614e+005 2.018497e+007 -3.230220e+005 401481
2.018493e+007 -4.197974e+005 2.018493e+007 -3.232059e+005 401482
2.018488e+007 -4.200330e+005 2.018488e+007 -3.233895e+005 401483
2.018479e+007 -4.205034e+005 2.018479e+007 -3.237560e+005 401485
2.018475e+007 -4.207381e+005 2.018475e+007 -3.239389e+005 401486
2.018470e+007 -4.209723e+005 2.018470e+007 -3.241214e+005 401487
2.018466e+007 -4.212065e+005 2.018466e+007 -3.243039e+005 401488
2.018457e+007 -4.216741e+005 2.018457e+007 -3.246682e+005 401490
2.018453e+007 -4.219061e+005 2.018453e+007 -3.248491e+005 401491
2.018448e+007 -4.221386e+005 2.018448e+007 -3.250302e+005 401492
2.018444e+007 -4.223707e+005 2.018444e+007 -3.252111e+005 401493
2.018435e+007 -4.228340e+005 2.018435e+007 -3.255721e+005 401495
2.018431e+007 -4.230653e+005 2.018430e+007 -3.257523e+005 401496
2.018426e+007 -4.232962e+005 2.018426e+007 -3.259323e+005 401497
2.018422e+007 -4.235264e+005 2.018422e+007 -3.261116e+005 401498
2.018417e+007 -4.237561e+005 2.018417e+007 -3.262906e+005 401499
2.018409e+007 -4.242152e+005 2.018409e+007 -3.266484e+005 401501
2.018404e+007 -4.244441e+005 2.018404e+007 -3.268267e+005 401502
2.018400e+007 -4.246726e+005 2.018400e+007 -3.270047e+005 401503
2.018396e+007 -4.249009e+005 2.018396e+007 -3.271827e+005 401504
2.018391e+007 -4.251286e+005 2.018391e+007 -3.273601e+005 401505
2.018387e+007 -4.253558e+005 2.018387e+007 -3.275371e+005 401506
2.018383e+007 -4.255829e+005 2.018383e+007 -3.277141e+005 401507
2.018378e+007 -4.258093e+005 2.018378e+007 -3.278905e+005 401508
2.018374e+007 -4.260354e+005 2.018374e+007 -3.280667e+005 401509
2.018370e+007 -4.262617e+005 2.018370e+007 -3.282430e+005 401510
2.018365e+007 -4.264877e+005 2.018365e+007 -3.284191e+005 401511
2.018361e+007 -4.267131e+005 2.018361e+007 -3.285947e+005 401512
2.018357e+007 -4.269376e+005 2.018357e+007 -3.287697e+005 401513
2.018348e+007 -4.273865e+005 2.018348e+007 -3.291195e+005 401515
2.018344e+007 -4.276109e+005 2.018344e+007 -3.292943e+005 401516
2.018340e+007 -4.278346e+005 2.018340e+007 -3.294686e+005 401517
2.018336e+007 -4.280579e+005 2.018335e+007 -3.296427e+005 401518
2.018331e+007 -4.282809e+005 2.018331e+007 -3.298164e+005 401519
2.018327e+007 -4.285030e+005 2.018327e+007 -3.299895e+005 401520
2.018323e+007 -4.287250e+005 2.018323e+007 -3.301624e+005 401521
2.018319e+007 -4.289466e+005 2.018319e+007 -3.303351e+005 401522
2.018314e+007 -4.291677e+005 2.018314e+007 -3.305075e+005 401523
2.018310e+007 -4.293889e+005 2.018310e+007 -3.306798e+005 401524
2.018306e+007 -4.296102e+005 2.018306e+007 -3.308523e+005 401525
2.018302e+007 -4.298311e+005 2.018302e+007 -3.310244e+005 401526
2.018298e+007 -4.300516e+005 2.018298e+007 -3.311962e+005 401527
2.018293e+007 -4.302717e+005 2.018293e+007 -3.313677e+005 401528
2.018289e+007 -4.304913e+005 2.018289e+007 -3.315388e+005 401529
2.018285e+007 -4.307104e+005 2.018285e+007 -3.317095e+005 401530
2.018281e+007 -4.309290e+005 2.018281e+007 -3.318798e+005 401531
2.018277e+007 -4.311471e+005 2.018277e+007 -3.320498e+005 401532
2.018273e+007 -4.313650e+005 2.018273e+007 -3.322196e+005 401533
2.018269e+007 -4.315825e+005 2.018268e+007 -3.323891e+005 401534
2.018264e+007 -4.317996e+005 2.018264e+007 -3.325583e+005 401535
2.018260e+007 -4.320166e+005 2.018260e+007 -3.327274e+005 401536
2.018256e+007 -4.322329e+005 2.018256e+007 -3.328959e+005 401537
2.018252e+007 -4.324484e+005 2.018252e+007 -3.330638e+005 401538
2.018248e+007 -4.326639e+005 2.018248e+007 -3.332317e+005 401539
2.018244e+007 -4.328793e+005 2.018244e+007 -3.333996e+005 401540
2.018236e+007 -4.333095e+005 2.018236e+007 -3.337348e+005 401542
2.018232e+007 -4.335242e+005 2.018231e+007 -3.339021e+005 401543
2.018228e+007 -4.337383e+005 2.018227e+007 -3.340689e+005 401544
2.018223e+007 -4.339520e+005 2.018223e+007 -3.342355e+005 401545
2.018219e+007 -4.341652e+005 2.018219e+007 -3.344016e+005 401546
2.018215e+007 -4.343779e+005 2.018215e+007 -3.345673e+005 401547
2.018211e+007 -4.345903e+005 2.018211e+007 -3.347328e+005 401548
2.018207e+007 -4.348024e+005 2.018207e+007 -3.348981e+005 401549
2.018199e+007 -4.352261e+005 2.018199e+007 -3.352282e+005 401551
2.018195e+007 -4.354379e+005 2.018195e+007 -3.353933e+005 401552
2.018191e+007 -4.356491e+005 2.018191e+007 -3.355579e+005 401553
2.018187e+007 -4.358594e+005 2.018187e+007 -3.357217e+005 401554
2.018179e+007 -4.362786e+005 2.018179e+007 -3.360484e+005 401556
2.018175e+007 -4.364880e+005 2.018175e+007 -3.362116e+005 401557
2.018171e+007 -4.366970e+005 2.018171e+007 -3.363744e+005 401558
2.018163e+007 -4.371139e+005 2.018163e+007 -3.366993e+005 401560
2.018159e+007 -4.373219e+005 2.018159e+007 -3.368614e+005 401561
2.018155e+007 -4.375293e+005 2.018155e+007 -3.370229e+005 401562
2.018151e+007 -4.377362e+005 2.018151e+007 -3.371842e+005 401563
2.018147e+007 -4.379430e+005 2.018147e+007 -3.373453e+005 401564
2.018144e+007 -4.381497e+005 2.018143e+007 -3.375064e+005 401565
2.018140e+007 -4.383558e+005 2.018139e+007 -3.376670e+005 401566
2.018136e+007 -4.385619e+005 2.018136e+007 -3.378276e+005 401567
2.018132e+007 -4.387678e+005 2.018132e+007 -3.379880e+005 401568
2.018128e+007 -4.389735e+005 2.018128e+007 -3.381483e+005 401569
2.018124e+007 -4.391786e+005 2.018124e+007 -3.383081e+005 401570
2.018120e+007 -4.393831e+005 2.018120e+007 -3.384675e+005 401571
2.018112e+007 -4.397908e+005 2.018112e+007 -3.387852e+005 401573
2.018108e+007 -4.399942e+005 2.018108e+007 -3.389436e+005 401574
2.018105e+007 -4.401974e+005 2.018104e+007 -3.391020e+005 401575
2.018101e+007 -4.404000e+005 2.018101e+007 -3.392599e+005 401576
2.018097e+007 -4.406021e+005 2.018097e+007 -3.394173e+005 401577
2.018093e+007 -4.408046e+005 2.018093e+007 -3.395751e+005 401578
2.018089e+007 -4.410065e+005 2.018089e+007 -3.397324e+005 401579
2.018085e+007 -4.412075e+005 2.018085e+007 -3.398891e+005 401580
2.018082e+007 -4.414086e+005 2.018081e+007 -3.400458e+005 401581
2.018078e+007 -4.416091e+005 2.018078e+007 -3.402020e+005 401582
2.018074e+007 -4.418088e+005 2.018074e+007 -3.403576e+005 401583
2.018070e+007 -4.420079e+005 2.018070e+007 -3.405128e+005 401584
2.018066e+007 -4.422069e+005 2.018066e+007 -3.406678e+005 401585
2.018063e+007 -4.424056e+005 2.018062e+007 -3.408227e+005 401586
2.018055e+007 -4.428026e+005 2.018055e+007 -3.411320e+005 401588
2.018051e+007 -4.430007e+005 2.018051e+007 -3.412864e+005 401589
2.018047e+007 -4.431986e+005 2.018047e+007 -3.414406e+005 401590
2.018044e+007 -4.433960e+005 2.018044e+007 -3.415944e+005 401591
2.018040e+007 -4.435933e+005 2.018040e+007 -3.417482e+005 401592
2.018032e+007 -4.439870e+005 2.018032e+007 -3.420549e+005 401594
2.018029e+007 -4.441831e+005 2.018029e+007 -3.422077e+005 401595
2.018021e+007 -4.445746e+005 2.018021e+007 -3.425128e+005 401597
2.018018e+007 -4.447697e+005 2.018017e+007 -3.426648e+005 401598
2.018014e+007 -4.449645e+005 2.018014e+007 -3.428166e+005 401599
2.018010e+007 -4.451586e+005 2.018010e+007 -3.429678e+005 401600
2.018007e+007 -4.453519e+005 2.018006e+007 -3.431185e+005 401601
2.018003e+007 -4.455449e+005 2.018003e+007 -3.432689e+005 401602
2.017999e+007 -4.457378e+005 2.017999e+007 -3.434192e+005 401603
2.017995e+007 -4.459308e+005 2.017995e+007 -3.435696e+005 401604
2.017988e+007 -4.463157e+005 2.017988e+007 -3.438695e+005 401606
2.017985e+007 -4.465074e+005 2.017984e+007 -3.440189e+005 401607
2.017981e+007 -4.466985e+005 2.017981e+007 -3.441678e+005 401608
2.017977e+007 -4.468893e+005 2.017977e+007 -3.443165e+005 401609
2.017974e+007 -4.470801e+005 2.017973e+007 -3.444652e+005 401610
2.017970e+007 -4.472709e+005 2.017970e+007 -3.446138e+005 401611
2.017966e+007 -4.474611e+005 2.017966e+007 -3.447620e+005 401612
2.017963e+007 -4.476508e+005 2.017963e+007 -3.449099e+005 401613
2.017959e+007 -4.478403e+005 2.017959e+007 -3.450575e+005 401614
2.017956e+007 -4.480291e+005 2.017955e+007 -3.452046e+005 401615
2.017952e+007 -4.482175e+005 2.017952e+007 -3.453514e+005 401616
2.017948e+007 -4.484059e+005 2.017948e+007 -3.454983e+005 401617
2.017945e+007 -4.485938e+005 2.017945e+007 -3.456447e+005 401618
2.017938e+007 -4.489678e+005 2.017938e+007 -3.459361e+005 401620
2.017934e+007 -4.491544e+005 2.017934e+007 -3.460815e+005 401621
2.017931e+007 -4.493412e+005 2.017930e+007 -3.462270e+005 401622
2.017927e+007 -4.495276e+005 2.017927e+007 -3.463722e+005 401623
2.017924e+007 -4.497134e+005 2.017923e+007 -3.465171e+005 401624
2.017920e+007 -4.498986e+005 2.017920e+007 -3.466614e+005 401625
2.017916e+007 -4.500835e+005 2.017916e+007 -3.468055e+005 401626
2.017913e+007 -4.502678e+005 2.017913e+007 -3.469491e+005 401627
2.017909e+007 -4.504521e+005 2.017909e+007 -3.470927e+005 401628
2.017906e+007 -4.506362e+005 2.017906e+007 -3.472361e+005 401629
2.017902e+007 -4.508197e+005 2.017902e+007 -3.473791e+005 401630
2.017899e+007 -4.510028e+005 2.017899e+007 -3.475218e+005 401631
2.017895e+007 -4.511859e+005 2.017895e+007 -3.476645e+005 401632
2.017892e+007 -4.513686e+005 2.017892e+007 -3.478068e+005 401633
2.017889e+007 -4.515506e+005 2.017888e+007 -3.479487e+005 401634
2.017882e+007 -4.519135e+005 2.017882e+007 -3.482314e+005 401636
2.017878e+007 -4.520945e+005 2.017878e+007 -3.483724e+005 401637
2.017875e+007 -4.522756e+005 2.017875e+007 -3.485135e+005 401638
2.017871e+007 -4.524563e+005 2.017871e+007 -3.486544e+005 401639
2.017868e+007 -4.526367e+005 2.017868e+007 -3.487949e+005 401640
2.017864e+007 -4.528166e+005 2.017864e+007 -3.489351e+005 401641
2.017861e+007 -4.529960e+005 2.017861e+007 -3.490749e+005 401642
2.017854e+007 -4.533527e+005 2.017854e+007 -3.493528e+005 401644
2.017851e+007 -4.535304e+005 2.017851e+007 -3.494913e+005 401645
2.017847e+007 -4.537083e+005 2.017847e+007 -3.496300e+005 401646
2.017844e+007 -4.538860e+005 2.017844e+007 -3.497684e+005 401647
2.017841e+007 -4.540632e+005 2.017841e+007 -3.499065e+005 401648
2.017837e+007 -4.542401e+005 2.017837e+007 -3.500443e+005 401649
2.017834e+007 -4.544165e+005 2.017834e+007 -3.501818e+005 401650
2.017831e+007 -4.545923e+005 2.017831e+007 -3.503188e+005 401651
2.017827e+007 -4.547679e+005 2.017827e+007 -3.504556e+005 401652
2.017824e+007 -4.549435e+005 2.017824e+007 -3.505925e+005 401653
2.017817e+007 -4.552930e+005 2.017817e+007 -3.508648e+005 401655
2.017811e+007 -4.556414e+005 2.017811e+007 -3.511363e+005 401657
2.017807e+007 -4.558149e+005 2.017807e+007 -3.512715e+005 401658
2.017804e+007 -4.559882e+005 2.017804e+007 -3.514065e+005 401659
2.017801e+007 -4.561615e+005 2.017801e+007 -3.515415e+005 401660
2.017798e+007 -4.563343e+005 2.017797e+007 -3.516762e+005 401661
2.017794e+007 -4.565062e+005 2.017794e+007 -3.518102e+005 401662
2.017788e+007 -4.568491e+005 2.017788e+007 -3.520774e+005 401664
2.017784e+007 -4.570197e+005 2.017784e+007 -3.522102e+005 401665
2.017781e+007 -4.571900e+005 2.017781e+007 -3.523430e+005 401666
2.017778e+007 -4.573602e+005 2.017778e+007 -3.524756e+005 401667
2.017775e+007 -4.575300e+005 2.017775e+007 -3.526079e+005 401668
2.017772e+007 -4.576998e+005 2.017771e+007 -3.527402e+005 401669
2.017768e+007 -4.578696e+005 2.017768e+007 -3.528726e+005 401670
2.017765e+007 -4.580391e+005 2.017765e+007 -3.530046e+005 401671
2.017762e+007 -4.582078e+005 2.017762e+007 -3.531361e+005 401672
2.017759e+007 -4.583760e+005 2.017759e+007 -3.532671e+005 401673
2.017755e+007 -4.585439e+005 2.017755e+007 -3.533980e+005 401674
2.017752e+007 -4.587118e+005 2.017752e+007 -3.535288e+005 401675
2.017749e+007 -4.588794e+005 2.017749e+007 -3.536594e+005 401676
2.017746e+007 -4.590467e+005 2.017746e+007 -3.537897e+005 401677
2.017743e+007 -4.592134e+005 2.017743e+007 -3.539196e+005 401678
2.017740e+007 -4.593798e+005 2.017739e+007 -3.540493e+005 401679
2.017736e+007 -4.595457e+005 2.017736e+007 -3.541786e+005 401680
2.017733e+007 -4.597113e+005 2.017733e+007 -3.543076e+005 401681
2.017730e+007 -4.598766e+005 2.017730e+007 -3.544364e+005 401682
2.017727e+007 -4.600412e+005 2.017727e+007 -3.545647e+005 401683
2.017724e+007 -4.602050e+005 2.017724e+007 -3.546923e+005 401684
2.017721e+007 -4.603690e+005 2.017721e+007 -3.548201e+005 401685
2.017718e+007 -4.605329e+005 2.017717e+007 -3.549478e+005 401686
2.017715e+007 -4.606957e+005 2.017714e+007 -3.550746e+005 401687
2.017711e+007 -4.608583e+005 2.017711e+007 -3.552014e+005 401688
2.017708e+007 -4.610207e+005 2.017708e+007 -3.553279e+005 401689
2.017705e+007 -4.611825e+005 2.017705e+007 -3.554540e+005 401690
2.017702e+007 -4.613438e+005 2.017702e+007 -3.555797e+005 401691
2.017699e+007 -4.615051e+005 2.017699e+007 -3.557054e+005 401692
2.017696e+007 -4.616662e+005 2.017696e+007 -3.558309e+005 401693
2.017693e+007 -4.618268e+005 2.017693e+007 -3.559561e+005 401694
2.017690e+007 -4.619873e+005 2.017690e+007 -3.560811e+005 401695
2.017687e+007 -4.621478e+005 2.017687e+007 -3.562062e+005 401696
2.017684e+007 -4.623081e+005 2.017684e+007 -3.563311e+005 401697
2.017681e+007 -4.624676e+005 2.017681e+007 -3.564554e+005 401698
2.017678e+007 -4.626263e+005 2.017678e+007 -3.565791e+005 401699
2.017675e+007 -4.627846e+005 2.017675e+007 -3.567024e+005 401700
2.017672e+007 -4.629427e+005 2.017672e+007 -3.568256e+005 401701
2.017669e+007 -4.631004e+005 2.017669e+007 -3.569485e+005 401702
2.017666e+007 -4.632582e+005 2.017666e+007 -3.570714e+005 401703
2.017663e+007 -4.634158e+005 2.017663e+007 -3.571942e+005 401704
2.017660e+007 -4.635728e+005 2.017660e+007 -3.573166e+005 401705
2.017654e+007 -4.638858e+005 2.017654e+007 -3.575605e+005 401707
2.017651e+007 -4.640416e+005 2.017651e+007 -3.576819e+005 401708
2.017648e+007 -4.641971e+005 2.017648e+007 -3.578030e+005 401709
2.017645e+007 -4.643524e+005 2.017645e+007 -3.579241e+005 401710
2.017642e+007 -4.645076e+005 2.017642e+007 -3.580450e+005 401711
2.017639e+007 -4.646622e+005 2.017639e+007 -3.581655e+005 401712
2.017636e+007 -4.648160e+005 2.017636e+007 -3.582853e+005 401713
2.017633e+007 -4.649695e+005 2.017633e+007 -3.584049e+005 401714
2.017630e+007 -4.651228e+005 2.017630e+007 -3.585243e+005 401715
2.017627e+007 -4.652758e+005 2.017627e+007 -3.586436e+005 401716
2.017624e+007 -4.654289e+005 2.017624e+007 -3.587629e+005 401717
2.017622e+007 -4.655813e+005 2.017621e+007 -3.588816e+005 401718
2.017619e+007 -4.657331e+005 2.017619e+007 -3.589999e+005 401719
2.017616e+007 -4.658846e+005 2.017616e+007 -3.591180e+005 401720
2.017610e+007 -4.661860e+005 2.017610e+007 -3.593528e+005 401722
2.017607e+007 -4.663364e+005 2.017607e+007 -3.594700e+005 401723
2.017604e+007 -4.664869e+005 2.017604e+007 -3.595873e+005 401724
2.017601e+007 -4.666368e+005 2.017601e+007 -3.597041e+005 401725
2.017599e+007 -4.667864e+005 2.017598e+007 -3.598206e+005 401726
2.017593e+007 -4.670843e+005 2.017593e+007 -3.600528e+005 401728
2.017590e+007 -4.672328e+005 2.017590e+007 -3.601685e+005 401729
2.017585e+007 -4.675278e+005 2.017584e+007 -3.603984e+005 401731
2.017582e+007 -4.676749e+005 2.017582e+007 -3.605130e+005 401732
2.017579e+007 -4.678218e+005 2.017579e+007 -3.606275e+005 401733
2.017576e+007 -4.679685e+005 2.017576e+007 -3.607418e+005 401734
2.017573e+007 -4.681147e+005 2.017573e+007 -3.608557e+005 401735
2.017571e+007 -4.682603e+005 2.017570e+007 -3.609692e+005 401736
2.017568e+007 -4.684053e+005 2.017568e+007 -3.610822e+005 401737
2.017565e+007 -4.685503e+005 2.017565e+007 -3.611952e+005 401738
2.017562e+007 -4.686949e+005 2.017562e+007 -3.613078e+005 401739
2.017560e+007 -4.688391e+005 2.017559e+007 -3.614202e+005 401740
2.017557e+007 -4.689830e+005 2.017557e+007 -3.615323e+005 401741
2.017554e+007 -4.691270e+005 2.017554e+007 -3.616445e+005 401742
2.017551e+007 -4.692704e+005 2.017551e+007 -3.617562e+005 401743
2.017549e+007 -4.694136e+005 2.017548e+007 -3.618678e+005 401744
2.017546e+007 -4.695565e+005 2.017546e+007 -3.619792e+005 401745
2.017543e+007 -4.696988e+005 2.017543e+007 -3.620901e+005 401746
2.017540e+007 -4.698405e+005 2.017540e+007 -3.622005e+005 401747
2.017538e+007 -4.699821e+005 2.017538e+007 -3.623108e+005 401748
2.017535e+007 -4.701233e+005 2.017535e+007 -3.624208e+005 401749
2.017532e+007 -4.702643e+005 2.017532e+007 -3.625307e+005 401750
2.017530e+007 -4.704050e+005 2.017530e+007 -3.626404e+005 401751
2.017524e+007 -4.706856e+005 2.017524e+007 -3.628590e+005 401753
2.017522e+007 -4.708255e+005 2.017522e+007 -3.629680e+005 401754
2.017519e+007 -4.709649e+005 2.017519e+007 -3.630767e+005 401755
2.017516e+007 -4.711036e+005 2.017516e+007 -3.631847e+005 401756
2.017514e+007 -4.712414e+005 2.017514e+007 -3.632921e+005 401757
2.017511e+007 -4.713788e+005 2.017511e+007 -3.633991e+005 401758
2.017509e+007 -4.715159e+005 2.017508e+007 -3.635060e+005 401759
2.017506e+007 -4.716530e+005 2.017506e+007 -3.636128e+005 401760
2.017503e+007 -4.717897e+005 2.017503e+007 -3.637193e+005 401761
2.017501e+007 -4.719261e+005 2.017501e+007 -3.638256e+005 401762
2.017498e+007 -4.720626e+005 2.017498e+007 -3.639320e+005 401763
2.017493e+007 -4.723339e+005 2.017493e+007 -3.641434e+005 401765
2.017490e+007 -4.724687e+005 2.017490e+007 -3.642484e+005 401766
2.017488e+007 -4.726033e+005 2.017488e+007 -3.643533e+005 401767
2.017485e+007 -4.727380e+005 2.017485e+007 -3.644582e+005 401768
2.017483e+007 -4.728723e+005 2.017483e+007 -3.645629e+005 401769
2.017480e+007 -4.730062e+005 2.017480e+007 -3.646673e+005 401770
2.017478e+007 -4.731400e+005 2.017478e+007 -3.647715e+005 401771
2.017475e+007 -4.732733e+005 2.017475e+007 -3.648753e+005 401772
2.017473e+007 -4.734061e+005 2.017473e+007 -3.649789e+005 401773
2.017470e+007 -4.735388e+005 2.017470e+007 -3.650822e+005 401774
2.017468e+007 -4.736713e+005 2.017467e+007 -3.651855e+005 401775
2.017465e+007 -4.738029e+005 2.017465e+007 -3.652881e+005 401776
2.017463e+007 -4.739338e+005 2.017462e+007 -3.653901e+005 401777
2.017460e+007 -4.740650e+005 2.017460e+007 -3.654923e+005 401778
2.017458e+007 -4.741956e+005 2.017457e+007 -3.655941e+005 401779
2.017455e+007 -4.743254e+005 2.017455e+007 -3.656952e+005 401780
2.017453e+007 -4.744548e+005 2.017453e+007 -3.657960e+005 401781
2.017448e+007 -4.747131e+005 2.017448e+007 -3.659973e+005 401783
2.017445e+007 -4.748411e+005 2.017445e+007 -3.660971e+005 401784
2.017443e+007 -4.749683e+005 2.017443e+007 -3.661962e+005 401785
2.017440e+007 -4.750954e+005 2.017440e+007 -3.662952e+005 401786
2.017438e+007 -4.752227e+005 2.017438e+007 -3.663944e+005 401787
2.017436e+007 -4.753498e+005 2.017436e+007 -3.664934e+005 401788
2.017433e+007 -4.754766e+005 2.017433e+007 -3.665922e+005 401789
2.017431e+007 -4.756032e+005 2.017431e+007 -3.666909e+005 401790
2.017428e+007 -4.757295e+005 2.017428e+007 -3.667893e+005 401791
2.017426e+007 -4.758556e+005 2.017426e+007 -3.668876e+005 401792
2.017424e+007 -4.759816e+005 2.017424e+007 -3.669857e+005 401793
2.017421e+007 -4.761069e+005 2.017421e+007 -3.670834e+005 401794
2.017419e+007 -4.762318e+005 2.017419e+007 -3.671807e+005 401795
2.017416e+007 -4.763564e+005 2.017416e+007 -3.672778e+005 401796
2.017414e+007 -4.764804e+005 2.017414e+007 -3.673744e+005 401797
2.017412e+007 -4.766038e+005 2.017412e+007 -3.674706e+005 401798
2.017409e+007 -4.767272e+005 2.017409e+007 -3.675667e+005 401799
2.017407e+007 -4.768504e+005 2.017407e+007 -3.676627e+005 401800
2.017405e+007 -4.769733e+005 2.017405e+007 -3.677585e+005 401801
2.017402e+007 -4.770958e+005 2.017402e+007 -3.678540e+005 401802
2.017400e+007 -4.772179e+005 2.017400e+007 -3.679491e+005 401803
2.017398e+007 -4.773398e+005 2.017398e+007 -3.680441e+005 401804
2.017395e+007 -4.774614e+005 2.017395e+007 -3.681388e+005 401805
2.017393e+007 -4.775822e+005 2.017393e+007 -3.682329e+005 401806
2.017391e+007 -4.777024e+005 2.017391e+007 -3.683267e+005 401807
2.017389e+007 -4.778223e+005 2.017388e+007 -3.684201e+005 401808
2.017386e+007 -4.779421e+005 2.017386e+007 -3.685134e+005 401809
2.017384e+007 -4.780614e+005 2.017384e+007 -3.686063e+005 401810
2.017382e+007 -4.781807e+005 2.017382e+007 -3.686993e+005 401811
2.017380e+007 -4.782993e+005 2.017379e+007 -3.687918e+005 401812
2.017377e+007 -4.784174e+005 2.017377e+007 -3.688838e+005 401813
2.017375e+007 -4.785353e+005 2.017375e+007 -3.689756e+005 401814
2.017373e+007 -4.786531e+005 2.017373e+007 -3.690674e+005 401815
2.017371e+007 -4.787706e+005 2.017370e+007 -3.691590e+005 401816
2.017368e+007 -4.788878e+005 2.017368e+007 -3.692503e+005 401817
2.017366e+007 -4.790046e+005 2.017366e+007 -3.693413e+005 401818
2.017364e+007 -4.791209e+005 2.017364e+007 -3.694319e+005 401819
2.017362e+007 -4.792369e+005 2.017362e+007 -3.695223e+005 401820
2.017359e+007 -4.793527e+005 2.017359e+007 -3.696125e+005 401821
2.017357e+007 -4.794676e+005 2.017357e+007 -3.697021e+005 401822
2.017355e+007 -4.795822e+005 2.017355e+007 -3.697914e+005 401823
2.017353e+007 -4.796965e+005 2.017353e+007 -3.698804e+005 401824
2.017351e+007 -4.798103e+005 2.017351e+007 -3.699692e+005 401825
2.017349e+007 -4.799235e+005 2.017348e+007 -3.700574e+005 401826
2.017346e+007 -4.800367e+005 2.017346e+007 -3.701455e+005 401827
2.017344e+007 -4.801501e+005 2.017344e+007 -3.702340e+005 401828
2.017340e+007 -4.803760e+005 2.017340e+007 -3.704099e+005 401830
2.017338e+007 -4.804878e+005 2.017338e+007 -3.704970e+005 401831
2.017336e+007 -4.805999e+005 2.017336e+007 -3.705844e+005 401832
2.017334e+007 -4.807114e+005 2.017334e+007 -3.706713e+005 401833
2.017331e+007 -4.808222e+005 2.017331e+007 -3.707577e+005 401834
2.017329e+007 -4.809327e+005 2.017329e+007 -3.708437e+005 401835
2.017327e+007 -4.810430e+005 2.017327e+007 -3.709297e+005 401836
2.017325e+007 -4.811527e+005 2.017325e+007 -3.710152e+005 401837
2.017321e+007 -4.813716e+005 2.017321e+007 -3.711857e+005 401839
2.017319e+007 -4.814806e+005 2.017319e+007 -3.712707e+005 401840
2.017317e+007 -4.815893e+005 2.017317e+007 -3.713553e+005 401841
2.017315e+007 -4.816977e+005 2.017315e+007 -3.714398e+005 401842
2.017313e+007 -4.818056e+005 2.017313e+007 -3.715239e+005 401843
2.017311e+007 -4.819131e+005 2.017311e+007 -3.716077e+005 401844
2.017309e+007 -4.820203e+005 2.017309e+007 -3.716912e+005 401845
2.017307e+007 -4.821272e+005 2.017307e+007 -3.717745e+005 401846
2.017305e+007 -4.822335e+005 2.017305e+007 -3.718574e+005 401847
2.017303e+007 -4.823392e+005 2.017303e+007 -3.719397e+005 401848
2.017301e+007 -4.824448e+005 2.017301e+007 -3.720220e+005 401849
2.017297e+007 -4.826544e+005 2.017297e+007 -3.721853e+005 401851
2.017295e+007 -4.827591e+005 2.017295e+007 -3.722669e+005 401852
2.017293e+007 -4.828636e+005 2.017293e+007 -3.723483e+005 401853
2.017291e+007 -4.829673e+005 2.017291e+007 -3.724291e+005 401854
2.017289e+007 -4.830704e+005 2.017289e+007 -3.725095e+005 401855
2.017287e+007 -4.831731e+005 2.017287e+007 -3.725895e+005 401856
2.017285e+007 -4.832758e+005 2.017285e+007 -3.726695e+005 401857
2.017283e+007 -4.833779e+005 2.017283e+007 -3.727491e+005 401858
2.017281e+007 -4.834796e+005 2.017281e+007 -3.728283e+005 401859
2.017279e+007 -4.835813e+005 2.017279e+007 -3.729076e+005 401860
2.017277e+007 -4.836830e+005 2.017277e+007 -3.729868e+005 401861
2.017275e+007 -4.837842e+005 2.017275e+007 -3.730657e+005 401862
2.017273e+007 -4.838849e+005 2.017273e+007 -3.731442e+005 401863
2.017271e+007 -4.839853e+005 2.017271e+007 -3.732224e+005 401864
2.017269e+007 -4.840850e+005 2.017269e+007 -3.733001e+005 401865
2.017268e+007 -4.841845e+005 2.017267e+007 -3.733776e+005 401866
2.017266e+007 -4.842838e+005 2.017266e+007 -3.734550e+005 401867
2.017264e+007 -4.843825e+005 2.017264e+007 -3.735319e+005 401868
2.017262e+007 -4.844810e+005 2.017262e+007 -3.736087e+005 401869
2.017260e+007 -4.845788e+005 2.017260e+007 -3.736849e+005 401870
2.017258e+007 -4.846762e+005 2.017258e+007 -3.737607e+005 401871
2.017256e+007 -4.847734e+005 2.017256e+007 -3.738365e+005 401872
2.017253e+007 -4.849666e+005 2.017253e+007 -3.739870e+005 401874
2.017251e+007 -4.850630e+005 2.017251e+007 -3.740621e+005 401875
2.017249e+007 -4.851590e+005 2.017249e+007 -3.741370e+005 401876
2.017247e+007 -4.852548e+005 2.017247e+007 -3.742116e+005 401877
2.017244e+007 -4.854458e+005 2.017243e+007 -3.743604e+005 401879
2.017242e+007 -4.855403e+005 2.017242e+007 -3.744341e+005 401880
2.017240e+007 -4.856347e+005 2.017240e+007 -3.745076e+005 401881
2.017236e+007 -4.858218e+005 2.017236e+007 -3.746534e+005 401883
2.017235e+007 -4.859150e+005 2.017234e+007 -3.747260e+005 401884
2.017233e+007 -4.860076e+005 2.017233e+007 -3.747982e+005 401885
2.017231e+007 -4.860996e+005 2.017231e+007 -3.748699e+005 401886
2.017229e+007 -4.861914e+005 2.017229e+007 -3.749414e+005 401887
2.017228e+007 -4.862829e+005 2.017227e+007 -3.750127e+005 401888
2.017226e+007 -4.863742e+005 2.017226e+007 -3.750839e+005 401889
2.017224e+007 -4.864651e+005 2.017224e+007 -3.751547e+005 401890
2.017222e+007 -4.865556e+005 2.017222e+007 -3.752252e+005 401891
2.017221e+007 -4.866456e+005 2.017221e+007 -3.752954e+005 401892
2.017219e+007 -4.867354e+005 2.017219e+007 -3.753653e+005 401893
2.017217e+007 -4.868248e+005 2.017217e+007 -3.754350e+005 401894
2.017216e+007 -4.869138e+005 2.017215e+007 -3.755044e+005 401895
2.017214e+007 -4.870025e+005 2.017214e+007 -3.755734e+005 401896
2.017212e+007 -4.870907e+005 2.017212e+007 -3.756422e+005 401897
2.017211e+007 -4.871788e+005 2.017210e+007 -3.757108e+005 401898
2.017209e+007 -4.872668e+005 2.017209e+007 -3.757794e+005 401899
2.017207e+007 -4.873542e+005 2.017207e+007 -3.758475e+005 401900
2.017206e+007 -4.874412e+005 2.017205e+007 -3.759153e+005 401901
2.017204e+007 -4.875278e+005 2.017204e+007 -3.759827e+005 401902
2.017202e+007 -4.876138e+005 2.017202e+007 -3.760498e+005 401903
2.017201e+007 -4.877001e+005 2.017201e+007 -3.761170e+005 401904
2.017199e+007 -4.877862e+005 2.017199e+007 -3.761841e+005 401905
2.017197e+007 -4.878720e+005 2.017197e+007 -3.762510e+005 401906
2.017196e+007 -4.879573e+005 2.017196e+007 -3.763174e+005 401907
2.017193e+007 -4.881256e+005 2.017192e+007 -3.764486e+005 401909
2.017191e+007 -4.882093e+005 2.017191e+007 -3.765138e+005 401910
2.017189e+007 -4.882926e+005 2.017189e+007 -3.765787e+005 401911
2.017188e+007 -4.883755e+005 2.017188e+007 -3.766433e+005 401912
2.017186e+007 -4.884580e+005 2.017186e+007 -3.767076e+005 401913
2.017185e+007 -4.885402e+005 2.017185e+007 -3.767716e+005 401914
2.017183e+007 -4.886220e+005 2.017183e+007 -3.768354e+005 401915
2.017182e+007 -4.887038e+005 2.017181e+007 -3.768992e+005 401916
2.017180e+007 -4.887851e+005 2.017180e+007 -3.769625e+005 401917
2.017178e+007 -4.888659e+005 2.017178e+007 -3.770254e+005 401918
2.017177e+007 -4.889463e+005 2.017177e+007 -3.770881e+005 401919
2.017175e+007 -4.890263e+005 2.017175e+007 -3.771504e+005 401920
2.017174e+007 -4.891061e+005 2.017174e+007 -3.772126e+005 401921
2.017172e+007 -4.891858e+005 2.017172e+007 -3.772747e+005 401922
2.017171e+007 -4.892650e+005 2.017171e+007 -3.773364e+005 401923
2.017169e+007 -4.893438e+005 2.017169e+007 -3.773978e+005 401924
2.017168e+007 -4.894221e+005 2.017168e+007 -3.774588e+005 401925
2.017166e+007 -4.895001e+005 2.017166e+007 -3.775196e+005 401926
2.017165e+007 -4.895774e+005 2.017165e+007 -3.775798e+005 401927
2.017163e+007 -4.896540e+005 2.017163e+007 -3.776396e+005 401928
2.017162e+007 -4.897305e+005 2.017162e+007 -3.776991e+005 401929
2.017161e+007 -4.898071e+005 2.017160e+007 -3.777588e+005 401930
2.017159e+007 -4.898832e+005 2.017159e+007 -3.778182e+005 401931
2.017156e+007 -4.900350e+005 2.017156e+007 -3.779364e+005 401933
2.017155e+007 -4.901106e+005 2.017155e+007 -3.779953e+005 401934
2.017153e+007 -4.901852e+005 2.017153e+007 -3.780534e+005 401935
2.017152e+007 -4.902592e+005 2.017152e+007 -3.781112e+005 401936
2.017151e+007 -4.903331e+005 2.017150e+007 -3.781687e+005 401937
2.017149e+007 -4.904069e+005 2.017149e+007 -3.782262e+005 401938
2.017148e+007 -4.904804e+005 2.017148e+007 -3.782835e+005 401939
2.017146e+007 -4.905541e+005 2.017146e+007 -3.783409e+005 401940
2.017145e+007 -4.906272e+005 2.017145e+007 -3.783979e+005 401941
2.017144e+007 -4.906999e+005 2.017143e+007 -3.784545e+005 401942
2.017142e+007 -4.907720e+005 2.017142e+007 -3.785107e+005 401943
2.017141e+007 -4.908441e+005 2.017141e+007 -3.785669e+005 401944
2.017139e+007 -4.909158e+005 2.017139e+007 -3.786228e+005 401945
2.017138e+007 -4.909870e+005 2.017138e+007 -3.786783e+005 401946
2.017137e+007 -4.910579e+005 2.017137e+007 -3.787335e+005 401947
2.017135e+007 -4.911282e+005 2.017135e+007 -3.787883e+005 401948
2.017134e+007 -4.911975e+005 2.017134e+007 -3.788422e+005 401949
2.017133e+007 -4.912665e+005 2.017133e+007 -3.788960e+005 401950
2.017131e+007 -4.913355e+005 2.017131e+007 -3.789498e+005 401951
2.017130e+007 -4.914038e+005 2.017130e+007 -3.790030e+005 401952
2.017129e+007 -4.914717e+005 2.017129e+007 -3.790559e+005 401953
2.017128e+007 -4.915391e+005 2.017127e+007 -3.791085e+005 401954
2.017126e+007 -4.916062e+005 2.017126e+007 -3.791607e+005 401955
2.017125e+007 -4.916733e+005 2.017125e+007 -3.792130e+005 401956
2.017124e+007 -4.917404e+005 2.017124e+007 -3.792653e+005 401957
2.017122e+007 -4.918069e+005 2.017122e+007 -3.793171e+005 401958
2.017121e+007 -4.918730e+005 2.017121e+007 -3.793686e+005 401959
2.017120e+007 -4.919384e+005 2.017120e+007 -3.794196e+005 401960
2.017119e+007 -4.920035e+005 2.017119e+007 -3.794703e+005 401961
2.017118e+007 -4.920678e+005 2.017117e+007 -3.795204e+005 401962
2.017116e+007 -4.921320e+005 2.017116e+007 -3.795704e+005 401963
2.017115e+007 -4.921959e+005 2.017115e+007 -3.796202e+005 401964
2.017114e+007 -4.922559e+005 2.017114e+007 -3.796670e+005 401965
2.017113e+007 -4.923109e+005 2.017113e+007 -3.797098e+005 401966
2.017112e+007 -4.923672e+005 2.017112e+007 -3.797537e+005 401967
2.017111e+007 -4.924251e+005 2.017111e+007 -3.797988e+005 401968
2.017110e+007 -4.924836e+005 2.017110e+007 -3.798444e+005 401969
2.017108e+007 -4.925427e+005 2.017108e+007 -3.798905e+005 401970
2.017107e+007 -4.926025e+005 2.017107e+007 -3.799371e+005 401971
2.017106e+007 -4.926624e+005 2.017106e+007 -3.799838e+005 401972
2.017105e+007 -4.927227e+005 2.017105e+007 -3.800307e+005 401973
2.017104e+007 -4.927836e+005 2.017104e+007 -3.800782e+005 401974
2.017103e+007 -4.928448e+005 2.017103e+007 -3.801259e+005 401975
2.017100e+007 -4.929669e+005 2.017100e+007 -3.802210e+005 401977
2.017099e+007 -4.930276e+005 2.017099e+007 -3.802683e+005 401978
2.017098e+007 -4.930875e+005 2.017098e+007 -3.803150e+005 401979
2.017097e+007 -4.931470e+005 2.017097e+007 -3.803613e+005 401980
2.017096e+007 -4.932058e+005 2.017096e+007 -3.804072e+005 401981
2.017095e+007 -4.932644e+005 2.017095e+007 -3.804529e+005 401982
2.017094e+007 -4.933226e+005 2.017094e+007 -3.804982e+005 401983
2.017093e+007 -4.933800e+005 2.017092e+007 -3.805429e+005 401984
2.017091e+007 -4.934371e+005 2.017091e+007 -3.805874e+005 401985
2.017090e+007 -4.934940e+005 2.017090e+007 -3.806318e+005 401986
2.017089e+007 -4.935501e+005 2.017089e+007 -3.806754e+005 401987
2.017088e+007 -4.936058e+005 2.017088e+007 -3.807188e+005 401988
2.017087e+007 -4.936615e+005 2.017087e+007 -3.807623e+005 401989
2.017086e+007 -4.937165e+005 2.017086e+007 -3.808051e+005 401990
2.017085e+007 -4.937713e+005 2.017085e+007 -3.808478e+005 401991
2.017084e+007 -4.938252e+005 2.017084e+007 -3.808898e+005 401992
2.017083e+007 -4.938793e+005 2.017083e+007 -3.809320e+005 401993
2.017082e+007 -4.939327e+005 2.017082e+007 -3.809735e+005 401994
2.017081e+007 -4.939855e+005 2.017081e+007 -3.810147e+005 401995
2.017080e+007 -4.940381e+005 2.017080e+007 -3.810557e+005 401996
2.017079e+007 -4.940905e+005 2.017079e+007 -3.810966e+005 401997
2.017078e+007 -4.941430e+005 2.017078e+007 -3.811374e+005 401998
2.017077e+007 -4.941951e+005 2.017077e+007 -3.811780e+005 401999
2.017076e+007 -4.942472e+005 2.017076e+007 -3.812187e+005 402000
2.017075e+007 -4.942986e+005 2.017075e+007 -3.812587e+005 402001
2.017074e+007 -4.943494e+005 2.017074e+007 -3.812983e+005 402002
2.017073e+007 -4.944001e+005 2.017073e+007 -3.813378e+005 402003
2.017072e+007 -4.944506e+005 2.017072e+007 -3.813771e+005 402004
2.017071e+007 -4.945005e+005 2.017071e+007 -3.814160e+005 402005
2.017070e+007 -4.945500e+005 2.017070e+007 -3.814546e+005 402006
2.017069e+007 -4.945996e+005 2.017069e+007 -3.814932e+005 402007
2.017068e+007 -4.946486e+005 2.017068e+007 -3.815314e+005 402008
2.017067e+007 -4.946971e+005 2.017067e+007 -3.815692e+005 402009
2.017067e+007 -4.947451e+005 2.017066e+007 -3.816066e+005 402010
2.017066e+007 -4.947928e+005 2.017066e+007 -3.816438e+005 402011
2.017065e+007 -4.948398e+005 2.017065e+007 -3.816804e+005 402012
2.017064e+007 -4.948863e+005 2.017064e+007 -3.817167e+005 402013
2.017063e+007 -4.949326e+005 2.017063e+007 -3.817527e+005 402014
2.017062e+007 -4.949783e+005 2.017062e+007 -3.817883e+005 402015
2.017061e+007 -4.950236e+005 2.017061e+007 -3.818236e+005 402016
2.017060e+007 -4.950688e+005 2.017060e+007 -3.818588e+005 402017
2.017060e+007 -4.951141e+005 2.017059e+007 -3.818941e+005 402018
2.017059e+007 -4.951591e+005 2.017059e+007 -3.819292e+005 402019
2.017058e+007 -4.952038e+005 2.017058e+007 -3.819640e+005 402020
2.017057e+007 -4.952479e+005 2.017057e+007 -3.819984e+005 402021
2.017056e+007 -4.952918e+005 2.017056e+007 -3.820326e+005 402022
2.017055e+007 -4.953349e+005 2.017055e+007 -3.820662e+005 402023
2.017055e+007 -4.953779e+005 2.017054e+007 -3.820997e+005 402024
2.017054e+007 -4.954205e+005 2.017054e+007 -3.821329e+005 402025
2.017053e+007 -4.954626e+005 2.017053e+007 -3.821657e+005 402026
2.017052e+007 -4.955044e+005 2.017052e+007 -3.821983e+005 402027
2.017051e+007 -4.955459e+005 2.017051e+007 -3.822306e+005 402028
2.017051e+007 -4.955870e+005 2.017050e+007 -3.822626e+005 402029
2.017050e+007 -4.956274e+005 2.017050e+007 -3.822941e+005 402030
2.017049e+007 -4.956674e+005 2.017049e+007 -3.823253e+005 402031
2.017048e+007 -4.957073e+005 2.017048e+007 -3.823564e+005 402032
2.017047e+007 -4.957470e+005 2.017047e+007 -3.823873e+005 402033
2.017047e+007 -4.957861e+005 2.017047e+007 -3.824177e+005 402034
2.017046e+007 -4.958250e+005 2.017046e+007 -3.824481e+005 402035
2.017045e+007 -4.958641e+005 2.017045e+007 -3.824785e+005 402036
2.017045e+007 -4.959024e+005 2.017044e+007 -3.825084e+005 402037
2.017044e+007 -4.959403e+005 2.017044e+007 -3.825379e+005 402038
2.017043e+007 -4.959780e+005 2.017043e+007 -3.825673e+005 402039
2.017042e+007 -4.960152e+005 2.017042e+007 -3.825963e+005 402040
2.017042e+007 -4.960520e+005 2.017042e+007 -3.826249e+005 402041
2.017041e+007 -4.960885e+005 2.017041e+007 -3.826534e+005 402042
2.017040e+007 -4.961248e+005 2.017040e+007 -3.826817e+005 402043
2.017040e+007 -4.961607e+005 2.017040e+007 -3.827096e+005 402044
2.017039e+007 -4.961962e+005 2.017039e+007 -3.827374e+005 402045
2.017038e+007 -4.962317e+005 2.017038e+007 -3.827650e+005 402046
2.017038e+007 -4.962666e+005 2.017038e+007 -3.827922e+005 402047
2.017037e+007 -4.963010e+005 2.017037e+007 -3.828190e+005 402048
2.017036e+007 -4.963350e+005 2.017036e+007 -3.828455e+005 402049
2.017036e+007 -4.963686e+005 2.017036e+007 -3.828717e+005 402050
2.017035e+007 -4.964020e+005 2.017035e+007 -3.828977e+005 402051
2.017034e+007 -4.964350e+005 2.017034e+007 -3.829234e+005 402052
2.017034e+007 -4.964675e+005 2.017034e+007 -3.829487e+005 402053
2.017033e+007 -4.964994e+005 2.017033e+007 -3.829736e+005 402054
2.017033e+007 -4.965309e+005 2.017032e+007 -3.829981e+005 402055
2.017032e+007 -4.965624e+005 2.017032e+007 -3.830227e+005 402056
2.017031e+007 -4.965937e+005 2.017031e+007 -3.830471e+005 402057
2.017031e+007 -4.966245e+005 2.017031e+007 -3.830710e+005 402058
2.017030e+007 -4.966549e+005 2.017030e+007 -3.830948e+005 402059
2.017030e+007 -4.966854e+005 2.017030e+007 -3.831185e+005 402060
2.017029e+007 -4.967151e+005 2.017029e+007 -3.831417e+005 402061
2.017029e+007 -4.967443e+005 2.017028e+007 -3.831644e+005 402062
2.017028e+007 -4.967735e+005 2.017028e+007 -3.831871e+005 402063
2.017027e+007 -4.968023e+005 2.017027e+007 -3.832096e+005 402064
2.017027e+007 -4.968303e+005 2.017027e+007 -3.832314e+005 402065
2.017026e+007 -4.968581e+005 2.017026e+007 -3.832531e+005 402066
2.017026e+007 -4.968857e+005 2.017026e+007 -3.832746e+005 402067
2.017025e+007 -4.969128e+005 2.017025e+007 -3.832957e+005 402068
2.017025e+007 -4.969397e+005 2.017025e+007 -3.833167e+005 402069
2.017024e+007 -4.969669e+005 2.017024e+007 -3.833379e+005 402070
2.017024e+007 -4.969933e+005 2.017024e+007 -3.833584e+005 402071
2.017023e+007 -4.970190e+005 2.017023e+007 -3.833784e+005 402072
2.017023e+007 -4.970444e+005 2.017023e+007 -3.833982e+005 402073
2.017022e+007 -4.970693e+005 2.017022e+007 -3.834177e+005 402074
2.017022e+007 -4.970942e+005 2.017022e+007 -3.834371e+005 402075
2.017021e+007 -4.971191e+005 2.017021e+007 -3.834565e+005 402076
2.017021e+007 -4.971436e+005 2.017021e+007 -3.834756e+005 402077
2.017020e+007 -4.971674e+005 2.017020e+007 -3.834941e+005 402078
2.017020e+007 -4.971904e+005 2.017020e+007 -3.835120e+005 402079
2.017020e+007 -4.972131e+005 2.017019e+007 -3.835297e+005 402080
2.017019e+007 -4.972356e+005 2.017019e+007 -3.835473e+005 402081
2.017019e+007 -4.972579e+005 2.017019e+007 -3.835646e+005 402082
2.017018e+007 -4.972797e+005 2.017018e+007 -3.835816e+005 402083
2.017018e+007 -4.973011e+005 2.017018e+007 -3.835983e+005 402084
2.017018e+007 -4.973221e+005 2.017017e+007 -3.836146e+005 402085
2.017017e+007 -4.973427e+005 2.017017e+007 -3.836307e+005 402086
2.017017e+007 -4.973631e+005 2.017017e+007 -3.836466e+005 402087
2.017016e+007 -4.973832e+005 2.017016e+007 -3.836623e+005 402088
2.017016e+007 -4.974030e+005 2.017016e+007 -3.836777e+005 402089
2.017016e+007 -4.974225e+005 2.017016e+007 -3.836929e+005 402090
2.017015e+007 -4.974419e+005 2.017015e+007 -3.837080e+005 402091
2.017015e+007 -4.974609e+005 2.017015e+007 -3.837228e+005 402092
2.017015e+007 -4.974795e+005 2.017014e+007 -3.837373e+005 402093
2.017014e+007 -4.974976e+005 2.017014e+007 -3.837514e+005 402094
2.017014e+007 -4.975153e+005 2.017014e+007 -3.837652e+005 402095
2.017014e+007 -4.975321e+005 2.017013e+007 -3.837782e+005 402096
2.017013e+007 -4.975487e+005 2.017013e+007 -3.837912e+005 402097
2.017013e+007 -4.975653e+005 2.017013e+007 -3.838041e+005 402098
2.017013e+007 -4.975812e+005 2.017012e+007 -3.838165e+005 402099
2.017012e+007 -4.975968e+005 2.017012e+007 -3.838287e+005 402100
2.017012e+007 -4.976123e+005 2.017012e+007 -3.838407e+005 402101
2.017012e+007 -4.976276e+005 2.017012e+007 -3.838527e+005 402102
2.017011e+007 -4.976421e+005 2.017011e+007 -3.838640e+005 402103
2.017011e+007 -4.976560e+005 2.017011e+007 -3.838748e+005 402104
2.017011e+007 -4.976696e+005 2.017011e+007 -3.838854e+005 402105
2.017011e+007 -4.976829e+005 2.017011e+007 -3.838958e+005 402106
2.017010e+007 -4.976960e+005 2.017010e+007 -3.839060e+005 402107
2.017010e+007 -4.977212e+005 2.017010e+007 -3.839256e+005 402109
2.017010e+007 -4.977338e+005 2.017010e+007 -3.839354e+005 402110
2.017009e+007 -4.977458e+005 2.017009e+007 -3.839448e+005 402111
2.017009e+007 -4.977575e+005 2.017009e+007 -3.839539e+005 402112
2.017009e+007 -4.977688e+005 2.017009e+007 -3.839627e+005 402113
2.017009e+007 -4.977796e+005 2.017009e+007 -3.839712e+005 402114
2.017008e+007 -4.978014e+005 2.017008e+007 -3.839881e+005 402116
2.017008e+007 -4.978112e+005 2.017008e+007 -3.839958e+005 402117
2.017008e+007 -4.978206e+005 2.017008e+007 -3.840031e+005 402118
2.017008e+007 -4.978385e+005 2.017008e+007 -3.840171e+005 402120
2.017008e+007 -4.978470e+005 2.017007e+007 -3.840236e+005 402121
2.017007e+007 -4.978546e+005 2.017007e+007 -3.840296e+005 402122
2.017007e+007 -4.978618e+005 2.017007e+007 -3.840352e+005 402123
2.017007e+007 -4.978688e+005 2.017007e+007 -3.840406e+005 402124
2.017007e+007 -4.978753e+005 2.017007e+007 -3.840457e+005 402125
2.017007e+007 -4.978817e+005 2.017007e+007 -3.840507e+005 402126
2.017007e+007 -4.978879e+005 2.017007e+007 -3.840555e+005 402127
2.017007e+007 -4.978936e+005 2.017007e+007 -3.840600e+005 402128
2.017007e+007 -4.978992e+005 2.017006e+007 -3.840643e+005 402129
2.017006e+007 -4.979043e+005 2.017006e+007 -3.840683e+005 402130
2.017006e+007 -4.979089e+005 2.017006e+007 -3.840719e+005 402131
2.017006e+007 -4.979134e+005 2.017006e+007 -3.840754e+005 402132
2.017006e+007 -4.979176e+005 2.017006e+007 -3.840787e+005 402133
2.017006e+007 -4.979212e+005 2.017006e+007 -3.840814e+005 402134
2.017006e+007 -4.979245e+005 2.017006e+007 -3.840841e+005 402135
2.017006e+007 -4.979276e+005 2.017006e+007 -3.840864e+005 402136
2.017006e+007 -4.979301e+005 2.017006e+007 -3.840884e+005 402137
2.017006e+007 -4.979321e+005 2.017006e+007 -3.840900e+005 402138
2.017006e+007 -4.979337e+005 2.017006e+007 -3.840912e+005 402139
2.017006e+007 -4.979350e+005 2.017006e+007 -3.840922e+005 402140
2.017006e+007 -4.979358e+005 2.017006e+007 -3.840929e+005 402141
2.017006e+007 -4.979364e+005 2.017006e+007 -3.840933e+005 402142
2.017006e+007 -4.979366e+005 2.017006e+007 -3.840934e+005 402143
2.017006e+007 -4.979361e+005 2.017006e+007 -3.840931e+005 402144
2.017006e+007 -4.979358e+005 2.017006e+007 -3.840928e+005 402145
2.017006e+007 -4.979354e+005 2.017006e+007 -3.840926e+005 402146
2.017006e+007 -4.979345e+005 2.017006e+007 -3.840918e+005 402147
2.017006e+007 -4.979333e+005 2.017006e+007 -3.840909e+005 402148
2.017006e+007 -4.979317e+005 2.017006e+007 -3.840896e+005 402149
2.017006e+007 -4.979298e+005 2.017006e+007 -3.840882e+005 402150
2.017006e+007 -4.979163e+005 2.017006e+007 -3.840777e+005 402154
2.017006e+007 -4.979025e+005 2.017006e+007 -3.840669e+005 402157
2.017007e+007 -4.978975e+005 2.017006e+007 -3.840630e+005 402158
2.017007e+007 -4.978924e+005 2.017007e+007 -3.840590e+005 402159
2.017007e+007 -4.978870e+005 2.017007e+007 -3.840549e+005 402160
2.017007e+007 -4.978810e+005 2.017007e+007 -3.840501e+005 402161
2.017007e+007 -4.978744e+005 2.017007e+007 -3.840450e+005 402162
2.017007e+007 -4.978677e+005 2.017007e+007 -3.840398e+005 402163
2.017007e+007 -4.978609e+005 2.017007e+007 -3.840345e+005 402164
2.017007e+007 -4.978539e+005 2.017007e+007 -3.840290e+005 402165
2.017008e+007 -4.978464e+005 2.017007e+007 -3.840232e+005 402166
2.017008e+007 -4.978203e+005 2.017008e+007 -3.840029e+005 402169
2.017008e+007 -4.978105e+005 2.017008e+007 -3.839952e+005 402170
2.017009e+007 -4.977794e+005 2.017009e+007 -3.839710e+005 402173
2.017009e+007 -4.977683e+005 2.017009e+007 -3.839624e+005 402174
2.017009e+007 -4.977569e+005 2.017009e+007 -3.839535e+005 402175
2.017009e+007 -4.977456e+005 2.017009e+007 -3.839446e+005 402176
2.017010e+007 -4.977339e+005 2.017010e+007 -3.839355e+005 402177
2.017010e+007 -4.977219e+005 2.017010e+007 -3.839262e+005 402178
2.017010e+007 -4.977097e+005 2.017010e+007 -3.839167e+005 402179
2.017010e+007 -4.976967e+005 2.017010e+007 -3.839066e+005 402180
2.017011e+007 -4.976833e+005 2.017011e+007 -3.838961e+005 402181
2.017011e+007 -4.976696e+005 2.017011e+007 -3.838854e+005 402182
2.017011e+007 -4.976554e+005 2.017011e+007 -3.838743e+005 402183
2.017011e+007 -4.976408e+005 2.017011e+007 -3.838630e+005 402184
2.017012e+007 -4.976263e+005 2.017012e+007 -3.838517e+005 402185
2.017013e+007 -4.975643e+005 2.017013e+007 -3.838034e+005 402189
2.017013e+007 -4.975478e+005 2.017013e+007 -3.837905e+005 402190
2.017014e+007 -4.975305e+005 2.017013e+007 -3.837771e+005 402191
2.017014e+007 -4.975128e+005 2.017014e+007 -3.837633e+005 402192
2.017014e+007 -4.974952e+005 2.017014e+007 -3.837496e+005 402193
2.017015e+007 -4.974772e+005 2.017014e+007 -3.837355e+005 402194
2.017015e+007 -4.974588e+005 2.017015e+007 -3.837212e+005 402195
2.017015e+007 -4.974404e+005 2.017015e+007 -3.837069e+005 402196
2.017016e+007 -4.974215e+005 2.017016e+007 -3.836921e+005 402197
2.017016e+007 -4.974022e+005 2.017016e+007 -3.836771e+005 402198
2.017016e+007 -4.973824e+005 2.017016e+007 -3.836616e+005 402199
2.017017e+007 -4.973622e+005 2.017017e+007 -3.836459e+005 402200
2.017017e+007 -4.973417e+005 2.017017e+007 -3.836299e+005 402201
2.017018e+007 -4.973211e+005 2.017017e+007 -3.836139e+005 402202
2.017019e+007 -4.972341e+005 2.017019e+007 -3.835461e+005 402206
2.017020e+007 -4.972112e+005 2.017020e+007 -3.835282e+005 402207
2.017020e+007 -4.971875e+005 2.017020e+007 -3.835098e+005 402208
2.017021e+007 -4.971636e+005 2.017020e+007 -3.834911e+005 402209
2.017021e+007 -4.971392e+005 2.017021e+007 -3.834722e+005 402210
2.017022e+007 -4.971147e+005 2.017021e+007 -3.834530e+005 402211
2.017022e+007 -4.970899e+005 2.017022e+007 -3.834337e+005 402212
2.017022e+007 -4.970648e+005 2.017022e+007 -3.834142e+005 402213
2.017023e+007 -4.970396e+005 2.017023e+007 -3.833945e+005 402214
2.017023e+007 -4.970143e+005 2.017023e+007 -3.833748e+005 402215
2.017024e+007 -4.969885e+005 2.017024e+007 -3.833547e+005 402216
2.017024e+007 -4.969621e+005 2.017024e+007 -3.833341e+005 402217
2.017025e+007 -4.969355e+005 2.017025e+007 -3.833134e+005 402218
2.017025e+007 -4.969084e+005 2.017025e+007 -3.832923e+005 402219
2.017026e+007 -4.968815e+005 2.017026e+007 -3.832713e+005 402220
2.017028e+007 -4.967975e+005 2.017027e+007 -3.832058e+005 402223
2.017028e+007 -4.967689e+005 2.017028e+007 -3.831836e+005 402224
2.017029e+007 -4.967397e+005 2.017029e+007 -3.831608e+005 402225
2.017030e+007 -4.966802e+005 2.017030e+007 -3.831145e+005 402227
2.017030e+007 -4.966502e+005 2.017030e+007 -3.830911e+005 402228
2.017031e+007 -4.966196e+005 2.017031e+007 -3.830672e+005 402229
2.017032e+007 -4.965885e+005 2.017031e+007 -3.830430e+005 402230
2.017032e+007 -4.965572e+005 2.017032e+007 -3.830186e+005 402231
2.017033e+007 -4.965259e+005 2.017033e+007 -3.829942e+005 402232
2.017033e+007 -4.964940e+005 2.017033e+007 -3.829694e+005 402233
2.017035e+007 -4.963955e+005 2.017035e+007 -3.828926e+005 402236
2.017036e+007 -4.963619e+005 2.017036e+007 -3.828665e+005 402237
2.017037e+007 -4.962934e+005 2.017037e+007 -3.828131e+005 402239
2.017038e+007 -4.962586e+005 2.017038e+007 -3.827860e+005 402240
2.017038e+007 -4.962233e+005 2.017038e+007 -3.827585e+005 402241
2.017040e+007 -4.961519e+005 2.017040e+007 -3.827028e+005 402243
2.017041e+007 -4.961156e+005 2.017040e+007 -3.826745e+005 402244
2.017042e+007 -4.960422e+005 2.017042e+007 -3.826173e+005 402246
2.017043e+007 -4.960049e+005 2.017043e+007 -3.825883e+005 402247
2.017043e+007 -4.959677e+005 2.017043e+007 -3.825593e+005 402248
2.017044e+007 -4.959306e+005 2.017044e+007 -3.825303e+005 402249
2.017045e+007 -4.958929e+005 2.017045e+007 -3.825010e+005 402250
2.017045e+007 -4.958546e+005 2.017045e+007 -3.824711e+005 402251
2.017046e+007 -4.958158e+005 2.017046e+007 -3.824409e+005 402252
2.017047e+007 -4.957764e+005 2.017047e+007 -3.824102e+005 402253
2.017048e+007 -4.957367e+005 2.017048e+007 -3.823793e+005 402254
2.017050e+007 -4.956145e+005 2.017050e+007 -3.822841e+005 402257
2.017052e+007 -4.955321e+005 2.017052e+007 -3.822199e+005 402259
2.017052e+007 -4.954903e+005 2.017052e+007 -3.821873e+005 402260
2.017053e+007 -4.954482e+005 2.017053e+007 -3.821545e+005 402261
2.017054e+007 -4.954059e+005 2.017054e+007 -3.821215e+005 402262
2.017055e+007 -4.953632e+005 2.017055e+007 -3.820882e+005 402263
2.017056e+007 -4.953198e+005 2.017056e+007 -3.820544e+005 402264
2.017056e+007 -4.952761e+005 2.017056e+007 -3.820204e+005 402265
2.017059e+007 -4.951437e+005 2.017059e+007 -3.819172e+005 402268
2.017060e+007 -4.950987e+005 2.017060e+007 -3.818821e+005 402269
2.017062e+007 -4.949614e+005 2.017062e+007 -3.817751e+005 402272
2.017063e+007 -4.949153e+005 2.017063e+007 -3.817392e+005 402273
2.017064e+007 -4.948684e+005 2.017064e+007 -3.817027e+005 402274
2.017065e+007 -4.948212e+005 2.017065e+007 -3.816659e+005 402275
2.017066e+007 -4.947741e+005 2.017066e+007 -3.816292e+005 402276
2.017067e+007 -4.947260e+005 2.017067e+007 -3.815917e+005 402277
2.017068e+007 -4.946775e+005 2.017068e+007 -3.815539e+005 402278
2.017069e+007 -4.946288e+005 2.017069e+007 -3.815159e+005 402279
2.017070e+007 -4.945796e+005 2.017070e+007 -3.814777e+005 402280
2.017071e+007 -4.945303e+005 2.017071e+007 -3.814392e+005 402281
2.017072e+007 -4.944805e+005 2.017072e+007 -3.814004e+005 402282
2.017073e+007 -4.944303e+005 2.017072e+007 -3.813613e+005 402283
2.017075e+007 -4.942781e+005 2.017075e+007 -3.812427e+005 402286
2.017076e+007 -4.942269e+005 2.017076e+007 -3.812028e+005 402287
2.017078e+007 -4.941232e+005 2.017078e+007 -3.811220e+005 402289
2.017079e+007 -4.940706e+005 2.017079e+007 -3.810810e+005 402290
2.017080e+007 -4.940175e+005 2.017080e+007 -3.810396e+005 402291
2.017081e+007 -4.939637e+005 2.017081e+007 -3.809977e+005 402292
2.017082e+007 -4.939099e+005 2.017082e+007 -3.809558e+005 402293
2.017084e+007 -4.938560e+005 2.017083e+007 -3.809138e+005 402294
2.017085e+007 -4.938015e+005 2.017084e+007 -3.808713e+005 402295
2.017086e+007 -4.937466e+005 2.017085e+007 -3.808285e+005 402296
2.017087e+007 -4.936913e+005 2.017087e+007 -3.807855e+005 402297
2.017088e+007 -4.936360e+005 2.017088e+007 -3.807423e+005 402298
2.017091e+007 -4.934675e+005 2.017091e+007 -3.806110e+005 402301
2.017095e+007 -4.932386e+005 2.017095e+007 -3.804327e+005 402305
2.017096e+007 -4.931802e+005 2.017096e+007 -3.803872e+005 402306
2.017097e+007 -4.931214e+005 2.017097e+007 -3.803414e+005 402307
2.017099e+007 -4.930625e+005 2.017098e+007 -3.802955e+005 402308
2.017100e+007 -4.930030e+005 2.017100e+007 -3.802491e+005 402309
2.017101e+007 -4.929427e+005 2.017101e+007 -3.802021e+005 402310
2.017102e+007 -4.928826e+005 2.017102e+007 -3.801552e+005 402311
2.017103e+007 -4.928220e+005 2.017103e+007 -3.801081e+005 402312
2.017104e+007 -4.927607e+005 2.017104e+007 -3.800603e+005 402313
2.017108e+007 -4.925754e+005 2.017108e+007 -3.799159e+005 402316
2.017110e+007 -4.924507e+005 2.017110e+007 -3.798187e+005 402318
2.017111e+007 -4.923879e+005 2.017111e+007 -3.797698e+005 402319
2.017114e+007 -4.922621e+005 2.017114e+007 -3.796718e+005 402321
2.017115e+007 -4.921981e+005 2.017115e+007 -3.796219e+005 402322
2.017116e+007 -4.921333e+005 2.017116e+007 -3.795714e+005 402323
2.017118e+007 -4.920681e+005 2.017117e+007 -3.795206e+005 402324
2.017119e+007 -4.920030e+005 2.017119e+007 -3.794699e+005 402325
2.017123e+007 -4.918045e+005 2.017122e+007 -3.793152e+005 402328
2.017125e+007 -4.916701e+005 2.017125e+007 -3.792105e+005 402330
2.017126e+007 -4.916027e+005 2.017126e+007 -3.791580e+005 402331
2.017129e+007 -4.914674e+005 2.017129e+007 -3.790525e+005 402333
2.017130e+007 -4.913993e+005 2.017130e+007 -3.789994e+005 402334
2.017132e+007 -4.913304e+005 2.017131e+007 -3.789458e+005 402335
2.017133e+007 -4.912615e+005 2.017133e+007 -3.788920e+005 402336
2.017134e+007 -4.911921e+005 2.017134e+007 -3.788380e+005 402337
2.017138e+007 -4.909814e+005 2.017138e+007 -3.786738e+005 402340
2.017141e+007 -4.908390e+005 2.017141e+007 -3.785629e+005 402342
2.017142e+007 -4.907676e+005 2.017142e+007 -3.785072e+005 402343
2.017145e+007 -4.906240e+005 2.017145e+007 -3.783953e+005 402345
2.017146e+007 -4.905510e+005 2.017146e+007 -3.783385e+005 402346
2.017148e+007 -4.904775e+005 2.017148e+007 -3.782812e+005 402347
2.017149e+007 -4.904035e+005 2.017149e+007 -3.782235e+005 402348
2.017151e+007 -4.903293e+005 2.017151e+007 -3.781657e+005 402349
2.017156e+007 -4.900298e+005 2.017156e+007 -3.779323e+005 402353
2.017158e+007 -4.899543e+005 2.017158e+007 -3.778735e+005 402354
2.017162e+007 -4.897256e+005 2.017162e+007 -3.776952e+005 402357
2.017164e+007 -4.896483e+005 2.017163e+007 -3.776350e+005 402358
2.017165e+007 -4.895711e+005 2.017165e+007 -3.775748e+005 402359
2.017166e+007 -4.894942e+005 2.017166e+007 -3.775150e+005 402360
2.017168e+007 -4.894167e+005 2.017168e+007 -3.774546e+005 402361
2.017169e+007 -4.893380e+005 2.017169e+007 -3.773932e+005 402362
